Episode,Reward,TrainTime,Position,Velocity,Angle,RotationalVelocity
0,31.0,0.003297090530395508,0.011344038881361485,0.02561289817094803,-0.02924531325697899,0.0027552819810807705
1,55.0,0.005158901214599609,0.03710140660405159,0.01941862143576145,-0.02035573683679104,-0.049201637506484985
2,311.0,0.027102947235107422,0.03710140660405159,0.01941862143576145,-0.02035573683679104,-0.049201637506484985
3,169.0,0.014673948287963867,0.03710140660405159,0.01941862143576145,-0.02035573683679104,-0.049201637506484985
4,178.0,0.015646934509277344,0.03710140660405159,0.01941862143576145,-0.02035573683679104,-0.049201637506484985
5,110.0,0.010293006896972656,0.03710140660405159,0.01941862143576145,-0.02035573683679104,-0.049201637506484985
6,200.0,0.01727914810180664,0.03710140660405159,0.01941862143576145,-0.02035573683679104,-0.049201637506484985
7,172.0,0.014711141586303711,0.03710140660405159,0.01941862143576145,-0.02035573683679104,-0.049201637506484985
8,200.0,0.017244338989257812,0.03710140660405159,0.01941862143576145,-0.02035573683679104,-0.049201637506484985
9,152.0,0.013359785079956055,0.03710140660405159,0.01941862143576145,-0.02035573683679104,-0.049201637506484985
10,180.0,0.016308307647705078,0.03710140660405159,0.01941862143576145,-0.02035573683679104,-0.049201637506484985
11,31.0,0.002920866012573242,0.03710140660405159,0.01941862143576145,-0.02035573683679104,-0.049201637506484985
12,72.0,0.006474018096923828,0.03710140660405159,0.01941862143576145,-0.02035573683679104,-0.049201637506484985
13,194.0,0.016127347946166992,0.03710140660405159,0.01941862143576145,-0.02035573683679104,-0.049201637506484985
14,129.0,0.010803937911987305,0.03710140660405159,0.01941862143576145,-0.02035573683679104,-0.049201637506484985
15,219.0,0.018948078155517578,0.03710140660405159,0.01941862143576145,-0.02035573683679104,-0.049201637506484985
16,248.0,0.021687746047973633,0.03710140660405159,0.01941862143576145,-0.02035573683679104,-0.049201637506484985
17,249.0,0.021343231201171875,0.03710140660405159,0.01941862143576145,-0.02035573683679104,-0.049201637506484985
18,147.0,0.014599800109863281,0.03710140660405159,0.01941862143576145,-0.02035573683679104,-0.049201637506484985
19,104.0,0.009564876556396484,0.03710140660405159,0.01941862143576145,-0.02035573683679104,-0.049201637506484985
20,88.0,0.007452726364135742,0.012926824390888214,-0.04832139611244202,-0.0261966772377491,-0.015126597136259079
21,168.0,0.014538049697875977,0.012926824390888214,-0.04832139611244202,-0.0261966772377491,-0.015126597136259079
22,500.0,0.04370403289794922,0.012926824390888214,-0.04832139611244202,-0.0261966772377491,-0.015126597136259079
23,99.0,0.008701086044311523,0.012926824390888214,-0.04832139611244202,-0.0261966772377491,-0.015126597136259079
24,123.0,0.011545896530151367,0.012926824390888214,-0.04832139611244202,-0.0261966772377491,-0.015126597136259079
25,113.0,0.010285139083862305,0.012926824390888214,-0.04832139611244202,-0.0261966772377491,-0.015126597136259079
26,180.0,0.015812158584594727,0.012926824390888214,-0.04832139611244202,-0.0261966772377491,-0.015126597136259079
27,132.0,0.011970043182373047,0.012926824390888214,-0.04832139611244202,-0.0261966772377491,-0.015126597136259079
28,161.0,0.014862060546875,0.012926824390888214,-0.04832139611244202,-0.0261966772377491,-0.015126597136259079
29,78.0,0.007398843765258789,0.012926824390888214,-0.04832139611244202,-0.0261966772377491,-0.015126597136259079
30,126.0,0.01169896125793457,0.012926824390888214,-0.04832139611244202,-0.0261966772377491,-0.015126597136259079
31,245.0,0.02114701271057129,0.012926824390888214,-0.04832139611244202,-0.0261966772377491,-0.015126597136259079
32,52.0,0.00559687614440918,0.012926824390888214,-0.04832139611244202,-0.0261966772377491,-0.015126597136259079
33,145.0,0.013131141662597656,0.012926824390888214,-0.04832139611244202,-0.0261966772377491,-0.015126597136259079
34,187.0,0.01736593246459961,0.012926824390888214,-0.04832139611244202,-0.0261966772377491,-0.015126597136259079
35,109.0,0.009529829025268555,0.012926824390888214,-0.04832139611244202,-0.0261966772377491,-0.015126597136259079
36,146.0,0.013620138168334961,0.012926824390888214,-0.04832139611244202,-0.0261966772377491,-0.015126597136259079
37,128.0,0.012174844741821289,0.012926824390888214,-0.04832139611244202,-0.0261966772377491,-0.015126597136259079
38,121.0,0.01084280014038086,0.012926824390888214,-0.04832139611244202,-0.0261966772377491,-0.015126597136259079
39,99.0,0.009189128875732422,0.012926824390888214,-0.04832139611244202,-0.0261966772377491,-0.015126597136259079
40,72.0,0.0061419010162353516,0.012926824390888214,-0.04832139611244202,-0.0261966772377491,-0.015126597136259079
41,253.0,0.023565053939819336,0.012926824390888214,-0.04832139611244202,-0.0261966772377491,-0.015126597136259079
42,237.0,0.021003007888793945,0.012926824390888214,-0.04832139611244202,-0.0261966772377491,-0.015126597136259079
43,100.0,0.00948023796081543,0.012926824390888214,-0.04832139611244202,-0.0261966772377491,-0.015126597136259079
44,118.0,0.010409116744995117,0.012926824390888214,-0.04832139611244202,-0.0261966772377491,-0.015126597136259079
45,54.0,0.00574493408203125,0.012926824390888214,-0.04832139611244202,-0.0261966772377491,-0.015126597136259079
46,133.0,0.011956930160522461,0.012926824390888214,-0.04832139611244202,-0.0261966772377491,-0.015126597136259079
47,228.0,0.02017688751220703,0.012926824390888214,-0.04832139611244202,-0.0261966772377491,-0.015126597136259079
48,68.0,0.006040096282958984,0.012926824390888214,-0.04832139611244202,-0.0261966772377491,-0.015126597136259079
49,146.0,0.012955188751220703,0.012926824390888214,-0.04832139611244202,-0.0261966772377491,-0.015126597136259079
50,46.0,0.004135847091674805,0.012926824390888214,-0.04832139611244202,-0.0261966772377491,-0.015126597136259079
51,119.0,0.010490655899047852,0.012926824390888214,-0.04832139611244202,-0.0261966772377491,-0.015126597136259079
52,47.0,0.004241228103637695,0.012926824390888214,-0.04832139611244202,-0.0261966772377491,-0.015126597136259079
53,153.0,0.01317906379699707,0.012926824390888214,-0.04832139611244202,-0.0261966772377491,-0.015126597136259079
54,121.0,0.010534048080444336,0.012926824390888214,-0.04832139611244202,-0.0261966772377491,-0.015126597136259079
55,353.0,0.03165602684020996,0.012926824390888214,-0.04832139611244202,-0.0261966772377491,-0.015126597136259079
56,109.0,0.009890079498291016,0.012926824390888214,-0.04832139611244202,-0.0261966772377491,-0.015126597136259079
57,132.0,0.011644363403320312,0.012926824390888214,-0.04832139611244202,-0.0261966772377491,-0.015126597136259079
58,213.0,0.018414974212646484,0.012926824390888214,-0.04832139611244202,-0.0261966772377491,-0.015126597136259079
59,53.0,0.004869937896728516,0.012926824390888214,-0.04832139611244202,-0.0261966772377491,-0.015126597136259079
60,99.0,0.00843191146850586,0.012926824390888214,-0.04832139611244202,-0.0261966772377491,-0.015126597136259079
61,165.0,0.014124155044555664,0.012926824390888214,-0.04832139611244202,-0.0261966772377491,-0.015126597136259079
62,73.0,0.006644010543823242,0.012926824390888214,-0.04832139611244202,-0.0261966772377491,-0.015126597136259079
63,126.0,0.011456012725830078,0.012926824390888214,-0.04832139611244202,-0.0261966772377491,-0.015126597136259079
64,121.0,0.011171102523803711,0.012926824390888214,-0.04832139611244202,-0.0261966772377491,-0.015126597136259079
65,140.0,0.013242006301879883,0.012926824390888214,-0.04832139611244202,-0.0261966772377491,-0.015126597136259079
66,103.0,0.009166955947875977,0.012926824390888214,-0.04832139611244202,-0.0261966772377491,-0.015126597136259079
67,174.0,0.015036821365356445,0.012926824390888214,-0.04832139611244202,-0.0261966772377491,-0.015126597136259079
68,217.0,0.018607139587402344,0.012926824390888214,-0.04832139611244202,-0.0261966772377491,-0.015126597136259079
69,95.0,0.008179903030395508,0.012926824390888214,-0.04832139611244202,-0.0261966772377491,-0.015126597136259079
70,107.0,0.008924722671508789,0.012926824390888214,-0.04832139611244202,-0.0261966772377491,-0.015126597136259079
71,208.0,0.01852583885192871,0.012926824390888214,-0.04832139611244202,-0.0261966772377491,-0.015126597136259079
72,147.0,0.012993097305297852,0.012926824390888214,-0.04832139611244202,-0.0261966772377491,-0.015126597136259079
73,145.0,0.012871026992797852,0.012926824390888214,-0.04832139611244202,-0.0261966772377491,-0.015126597136259079
74,124.0,0.011176347732543945,0.012926824390888214,-0.04832139611244202,-0.0261966772377491,-0.015126597136259079
75,154.0,0.013214111328125,0.012926824390888214,-0.04832139611244202,-0.0261966772377491,-0.015126597136259079
76,21.0,0.002401113510131836,0.012926824390888214,-0.04832139611244202,-0.0261966772377491,-0.015126597136259079
77,53.0,0.0048062801361083984,0.012926824390888214,-0.04832139611244202,-0.0261966772377491,-0.015126597136259079
78,246.0,0.02143573760986328,0.012926824390888214,-0.04832139611244202,-0.0261966772377491,-0.015126597136259079
79,173.0,0.015590906143188477,0.012926824390888214,-0.04832139611244202,-0.0261966772377491,-0.015126597136259079
80,256.0,0.023043155670166016,0.012926824390888214,-0.04832139611244202,-0.0261966772377491,-0.015126597136259079
81,161.0,0.014732122421264648,0.012926824390888214,-0.04832139611244202,-0.0261966772377491,-0.015126597136259079
82,149.0,0.013274669647216797,0.012926824390888214,-0.04832139611244202,-0.0261966772377491,-0.015126597136259079
83,104.0,0.009320974349975586,0.012926824390888214,-0.04832139611244202,-0.0261966772377491,-0.015126597136259079
84,83.0,0.007236957550048828,0.012926824390888214,-0.04832139611244202,-0.0261966772377491,-0.015126597136259079
85,108.0,0.00907588005065918,0.012926824390888214,-0.04832139611244202,-0.0261966772377491,-0.015126597136259079
86,119.0,0.009953737258911133,0.012926824390888214,-0.04832139611244202,-0.0261966772377491,-0.015126597136259079
87,81.0,0.0077970027923583984,0.012926824390888214,-0.04832139611244202,-0.0261966772377491,-0.015126597136259079
88,226.0,0.019902944564819336,0.012926824390888214,-0.04832139611244202,-0.0261966772377491,-0.015126597136259079
89,115.0,0.01069498062133789,0.012926824390888214,-0.04832139611244202,-0.0261966772377491,-0.015126597136259079
90,95.0,0.00835108757019043,0.012926824390888214,-0.04832139611244202,-0.0261966772377491,-0.015126597136259079
91,113.0,0.010168075561523438,0.012926824390888214,-0.04832139611244202,-0.0261966772377491,-0.015126597136259079
92,226.0,0.019610166549682617,0.012926824390888214,-0.04832139611244202,-0.0261966772377491,-0.015126597136259079
93,188.0,0.016777992248535156,0.012926824390888214,-0.04832139611244202,-0.0261966772377491,-0.015126597136259079
94,52.0,0.0048868656158447266,0.012926824390888214,-0.04832139611244202,-0.0261966772377491,-0.015126597136259079
95,359.0,0.031198978424072266,0.012926824390888214,-0.04832139611244202,-0.0261966772377491,-0.015126597136259079
96,194.0,0.018326759338378906,0.012926824390888214,-0.04832139611244202,-0.0261966772377491,-0.015126597136259079
97,132.0,0.011810064315795898,0.012926824390888214,-0.04832139611244202,-0.0261966772377491,-0.015126597136259079
98,66.0,0.005747079849243164,-0.04702077433466911,0.007444760762155056,0.0028603668324649334,0.04954405128955841
99,64.0,0.005800962448120117,-0.04702077433466911,0.007444760762155056,0.0028603668324649334,0.04954405128955841
100,52.0,0.004533052444458008,-0.04702077433466911,0.007444760762155056,0.0028603668324649334,0.04954405128955841
101,266.0,0.024016141891479492,-0.04702077433466911,0.007444760762155056,0.0028603668324649334,0.04954405128955841
102,65.0,0.00623011589050293,-0.04702077433466911,0.007444760762155056,0.0028603668324649334,0.04954405128955841
103,67.0,0.006464958190917969,-0.04702077433466911,0.007444760762155056,0.0028603668324649334,0.04954405128955841
104,129.0,0.011775016784667969,-0.04702077433466911,0.007444760762155056,0.0028603668324649334,0.04954405128955841
105,104.0,0.009049177169799805,-0.04702077433466911,0.007444760762155056,0.0028603668324649334,0.04954405128955841
106,153.0,0.014250993728637695,-0.04702077433466911,0.007444760762155056,0.0028603668324649334,0.04954405128955841
107,23.0,0.0022640228271484375,-0.04702077433466911,0.007444760762155056,0.0028603668324649334,0.04954405128955841
108,38.0,0.003612995147705078,-0.04702077433466911,0.007444760762155056,0.0028603668324649334,0.04954405128955841
109,72.0,0.006709098815917969,-0.04702077433466911,0.007444760762155056,0.0028603668324649334,0.04954405128955841
110,19.0,0.0017859935760498047,-0.04702077433466911,0.007444760762155056,0.0028603668324649334,0.04954405128955841
111,137.0,0.012122869491577148,-0.04702077433466911,0.007444760762155056,0.0028603668324649334,0.04954405128955841
112,94.0,0.008357763290405273,-0.04702077433466911,0.007444760762155056,0.0028603668324649334,0.04954405128955841
113,130.0,0.011759042739868164,-0.04702077433466911,0.007444760762155056,0.0028603668324649334,0.04954405128955841
114,41.0,0.0045871734619140625,-0.04702077433466911,0.007444760762155056,0.0028603668324649334,0.04954405128955841
115,65.0,0.006551027297973633,-0.04702077433466911,0.007444760762155056,0.0028603668324649334,0.04954405128955841
116,67.0,0.006020784378051758,-0.04702077433466911,0.007444760762155056,0.0028603668324649334,0.04954405128955841
117,24.0,0.0024030208587646484,-0.04702077433466911,0.007444760762155056,0.0028603668324649334,0.04954405128955841
118,117.0,0.010383844375610352,-0.04702077433466911,0.007444760762155056,0.0028603668324649334,0.04954405128955841
119,75.0,0.006555318832397461,-0.04702077433466911,0.007444760762155056,0.0028603668324649334,0.04954405128955841
120,61.0,0.005586862564086914,-0.04702077433466911,0.007444760762155056,0.0028603668324649334,0.04954405128955841
121,48.0,0.004169940948486328,-0.04702077433466911,0.007444760762155056,0.0028603668324649334,0.04954405128955841
122,93.0,0.007977008819580078,-0.04702077433466911,0.007444760762155056,0.0028603668324649334,0.04954405128955841
123,43.0,0.003816843032836914,-0.04702077433466911,0.007444760762155056,0.0028603668324649334,0.04954405128955841
124,128.0,0.010699987411499023,-0.04702077433466911,0.007444760762155056,0.0028603668324649334,0.04954405128955841
125,38.0,0.0034439563751220703,-0.04702077433466911,0.007444760762155056,0.0028603668324649334,0.04954405128955841
126,132.0,0.011307001113891602,-0.04702077433466911,0.007444760762155056,0.0028603668324649334,0.04954405128955841
127,385.0,0.03330826759338379,-0.04702077433466911,0.007444760762155056,0.0028603668324649334,0.04954405128955841
128,46.0,0.00430607795715332,-0.04702077433466911,0.007444760762155056,0.0028603668324649334,0.04954405128955841
129,144.0,0.012608051300048828,-0.04702077433466911,0.007444760762155056,0.0028603668324649334,0.04954405128955841
130,36.0,0.0031719207763671875,-0.04702077433466911,0.007444760762155056,0.0028603668324649334,0.04954405128955841
131,103.0,0.009337902069091797,-0.04702077433466911,0.007444760762155056,0.0028603668324649334,0.04954405128955841
132,159.0,0.013967275619506836,-0.04702077433466911,0.007444760762155056,0.0028603668324649334,0.04954405128955841
133,121.0,0.010348081588745117,-0.04702077433466911,0.007444760762155056,0.0028603668324649334,0.04954405128955841
134,117.0,0.010237932205200195,-0.04702077433466911,0.007444760762155056,0.0028603668324649334,0.04954405128955841
135,121.0,0.011039972305297852,-0.04702077433466911,0.007444760762155056,0.0028603668324649334,0.04954405128955841
136,122.0,0.010481119155883789,-0.04702077433466911,0.007444760762155056,0.0028603668324649334,0.04954405128955841
137,61.0,0.006378889083862305,-0.04702077433466911,0.007444760762155056,0.0028603668324649334,0.04954405128955841
138,216.0,0.01976299285888672,-0.04702077433466911,0.007444760762155056,0.0028603668324649334,0.04954405128955841
139,27.0,0.0025720596313476562,-0.04702077433466911,0.007444760762155056,0.0028603668324649334,0.04954405128955841
140,67.0,0.005960226058959961,-0.04702077433466911,0.007444760762155056,0.0028603668324649334,0.04954405128955841
141,118.0,0.01072382926940918,-0.04702077433466911,0.007444760762155056,0.0028603668324649334,0.04954405128955841
142,157.0,0.013805866241455078,-0.04702077433466911,0.007444760762155056,0.0028603668324649334,0.04954405128955841
143,121.0,0.0112457275390625,-0.04702077433466911,0.007444760762155056,0.0028603668324649334,0.04954405128955841
144,121.0,0.010823249816894531,-0.04702077433466911,0.007444760762155056,0.0028603668324649334,0.04954405128955841
145,108.0,0.009741783142089844,-0.04702077433466911,0.007444760762155056,0.0028603668324649334,0.04954405128955841
146,67.0,0.005778074264526367,-0.04702077433466911,0.007444760762155056,0.0028603668324649334,0.04954405128955841
147,10.0,0.0010199546813964844,-0.04702077433466911,0.007444760762155056,0.0028603668324649334,0.04954405128955841
148,31.0,0.002722024917602539,-0.04702077433466911,0.007444760762155056,0.0028603668324649334,0.04954405128955841
149,55.0,0.005223989486694336,-0.04702077433466911,0.007444760762155056,0.0028603668324649334,0.04954405128955841
150,10.0,0.001249074935913086,-0.04702077433466911,0.007444760762155056,0.0028603668324649334,0.04954405128955841
151,43.0,0.0038170814514160156,-0.04702077433466911,0.007444760762155056,0.0028603668324649334,0.04954405128955841
152,10.0,0.0010211467742919922,-0.04702077433466911,0.007444760762155056,0.0028603668324649334,0.04954405128955841
153,20.0,0.0018839836120605469,-0.04702077433466911,0.007444760762155056,0.0028603668324649334,0.04954405128955841
154,43.0,0.004030942916870117,-0.04702077433466911,0.007444760762155056,0.0028603668324649334,0.04954405128955841
155,43.0,0.003970146179199219,-0.04702077433466911,0.007444760762155056,0.0028603668324649334,0.04954405128955841
156,10.0,0.0015270709991455078,-0.04702077433466911,0.007444760762155056,0.0028603668324649334,0.04954405128955841
157,47.0,0.00439000129699707,-0.04702077433466911,0.007444760762155056,0.0028603668324649334,0.04954405128955841
158,59.0,0.0053288936614990234,-0.04702077433466911,0.007444760762155056,0.0028603668324649334,0.04954405128955841
159,48.0,0.004936933517456055,-0.04702077433466911,0.007444760762155056,0.0028603668324649334,0.04954405128955841
160,55.0,0.004868030548095703,-0.04702077433466911,0.007444760762155056,0.0028603668324649334,0.04954405128955841
161,42.0,0.0037381649017333984,-0.04702077433466911,0.007444760762155056,0.0028603668324649334,0.04954405128955841
162,67.0,0.006147146224975586,-0.04702077433466911,0.007444760762155056,0.0028603668324649334,0.04954405128955841
163,72.0,0.006291866302490234,-0.04702077433466911,0.007444760762155056,0.0028603668324649334,0.04954405128955841
164,75.0,0.006474971771240234,-0.04702077433466911,0.007444760762155056,0.0028603668324649334,0.04954405128955841
165,65.0,0.005984783172607422,-0.04702077433466911,0.007444760762155056,0.0028603668324649334,0.04954405128955841
166,51.0,0.004858970642089844,-0.04702077433466911,0.007444760762155056,0.0028603668324649334,0.04954405128955841
167,89.0,0.008014917373657227,-0.04702077433466911,0.007444760762155056,0.0028603668324649334,0.04954405128955841
168,49.0,0.004351139068603516,-0.04702077433466911,0.007444760762155056,0.0028603668324649334,0.04954405128955841
169,196.0,0.01711297035217285,-0.04702077433466911,0.007444760762155056,0.0028603668324649334,0.04954405128955841
170,60.0,0.00518488883972168,-0.04702077433466911,0.007444760762155056,0.0028603668324649334,0.04954405128955841
171,85.0,0.007644176483154297,-0.04702077433466911,0.007444760762155056,0.0028603668324649334,0.04954405128955841
172,271.0,0.02550506591796875,-0.04702077433466911,0.007444760762155056,0.0028603668324649334,0.04954405128955841
173,121.0,0.010669946670532227,-0.04702077433466911,0.007444760762155056,0.0028603668324649334,0.04954405128955841
174,103.0,0.008970975875854492,-0.04702077433466911,0.007444760762155056,0.0028603668324649334,0.04954405128955841
175,132.0,0.012028932571411133,-0.04702077433466911,0.007444760762155056,0.0028603668324649334,0.04954405128955841
176,175.0,0.015511274337768555,-0.04702077433466911,0.007444760762155056,0.0028603668324649334,0.04954405128955841
177,43.0,0.003957271575927734,-0.04702077433466911,0.007444760762155056,0.0028603668324649334,0.04954405128955841
178,50.0,0.004498958587646484,-0.04702077433466911,0.007444760762155056,0.0028603668324649334,0.04954405128955841
179,103.0,0.009693145751953125,-0.04702077433466911,0.007444760762155056,0.0028603668324649334,0.04954405128955841
180,90.0,0.0078029632568359375,-0.04702077433466911,0.007444760762155056,0.0028603668324649334,0.04954405128955841
181,72.0,0.006428956985473633,-0.04702077433466911,0.007444760762155056,0.0028603668324649334,0.04954405128955841
182,139.0,0.012392044067382812,-0.04702077433466911,0.007444760762155056,0.0028603668324649334,0.04954405128955841
183,183.0,0.016529321670532227,-0.04702077433466911,0.007444760762155056,0.0028603668324649334,0.04954405128955841
184,112.0,0.009737014770507812,-0.04702077433466911,0.007444760762155056,0.0028603668324649334,0.04954405128955841
185,106.0,0.0100250244140625,-0.04702077433466911,0.007444760762155056,0.0028603668324649334,0.04954405128955841
186,145.0,0.01328587532043457,-0.04702077433466911,0.007444760762155056,0.0028603668324649334,0.04954405128955841
187,38.0,0.0036361217498779297,-0.04702077433466911,0.007444760762155056,0.0028603668324649334,0.04954405128955841
188,60.0,0.0053288936614990234,-0.04702077433466911,0.007444760762155056,0.0028603668324649334,0.04954405128955841
189,132.0,0.01229095458984375,-0.04702077433466911,0.007444760762155056,0.0028603668324649334,0.04954405128955841
190,392.0,0.03385806083679199,-0.04702077433466911,0.007444760762155056,0.0028603668324649334,0.04954405128955841
191,146.0,0.013921976089477539,-0.04702077433466911,0.007444760762155056,0.0028603668324649334,0.04954405128955841
192,79.0,0.006844997406005859,-0.04702077433466911,0.007444760762155056,0.0028603668324649334,0.04954405128955841
193,72.0,0.006985902786254883,-0.04702077433466911,0.007444760762155056,0.0028603668324649334,0.04954405128955841
194,136.0,0.011021137237548828,-0.04702077433466911,0.007444760762155056,0.0028603668324649334,0.04954405128955841
195,80.0,0.006489992141723633,-0.04702077433466911,0.007444760762155056,0.0028603668324649334,0.04954405128955841
196,173.0,0.013869047164916992,-0.04702077433466911,0.007444760762155056,0.0028603668324649334,0.04954405128955841
197,88.0,0.007609128952026367,-0.04702077433466911,0.007444760762155056,0.0028603668324649334,0.04954405128955841
198,254.0,0.021070003509521484,-0.04702077433466911,0.007444760762155056,0.0028603668324649334,0.04954405128955841
199,159.0,0.013691902160644531,-0.04702077433466911,0.007444760762155056,0.0028603668324649334,0.04954405128955841
200,379.0,0.03260612487792969,-0.04702077433466911,0.007444760762155056,0.0028603668324649334,0.04954405128955841
201,201.0,0.01630997657775879,-0.04702077433466911,0.007444760762155056,0.0028603668324649334,0.04954405128955841
202,380.0,0.03170299530029297,-0.04702077433466911,0.007444760762155056,0.0028603668324649334,0.04954405128955841
203,404.0,0.03476905822753906,-0.04702077433466911,0.007444760762155056,0.0028603668324649334,0.04954405128955841
204,79.0,0.006888866424560547,-0.04702077433466911,0.007444760762155056,0.0028603668324649334,0.04954405128955841
205,22.0,0.0020341873168945312,0.034944087266922,0.04718785360455513,-0.024377722293138504,-0.03160595893859863
206,32.0,0.0037298202514648438,0.034944087266922,0.04718785360455513,-0.024377722293138504,-0.03160595893859863
207,26.0,0.002552032470703125,0.034944087266922,0.04718785360455513,-0.024377722293138504,-0.03160595893859863
208,25.0,0.0024423599243164062,0.034944087266922,0.04718785360455513,-0.024377722293138504,-0.03160595893859863
209,182.0,0.014844894409179688,0.034944087266922,0.04718785360455513,-0.024377722293138504,-0.03160595893859863
210,50.0,0.0044939517974853516,0.034944087266922,0.04718785360455513,-0.024377722293138504,-0.03160595893859863
211,80.0,0.007070064544677734,0.034944087266922,0.04718785360455513,-0.024377722293138504,-0.03160595893859863
212,50.0,0.0045468807220458984,0.034944087266922,0.04718785360455513,-0.024377722293138504,-0.03160595893859863
213,78.0,0.006417751312255859,0.034944087266922,0.04718785360455513,-0.024377722293138504,-0.03160595893859863
214,158.0,0.013345956802368164,0.034944087266922,0.04718785360455513,-0.024377722293138504,-0.03160595893859863
215,36.0,0.003172159194946289,0.034944087266922,0.04718785360455513,-0.024377722293138504,-0.03160595893859863
216,98.0,0.008991003036499023,0.034944087266922,0.04718785360455513,-0.024377722293138504,-0.03160595893859863
217,26.0,0.002252817153930664,0.034944087266922,0.04718785360455513,-0.024377722293138504,-0.03160595893859863
218,97.0,0.007927656173706055,0.034944087266922,0.04718785360455513,-0.024377722293138504,-0.03160595893859863
219,65.0,0.00547480583190918,0.034944087266922,0.04718785360455513,-0.024377722293138504,-0.03160595893859863
220,63.0,0.005186796188354492,0.034944087266922,0.04718785360455513,-0.024377722293138504,-0.03160595893859863
221,27.0,0.0023369789123535156,0.034944087266922,0.04718785360455513,-0.024377722293138504,-0.03160595893859863
222,27.0,0.0023512840270996094,0.034944087266922,0.04718785360455513,-0.024377722293138504,-0.03160595893859863
223,38.0,0.003257274627685547,0.034944087266922,0.04718785360455513,-0.024377722293138504,-0.03160595893859863
224,56.0,0.005008697509765625,0.034944087266922,0.04718785360455513,-0.024377722293138504,-0.03160595893859863
225,82.0,0.007142305374145508,0.034944087266922,0.04718785360455513,-0.024377722293138504,-0.03160595893859863
226,55.0,0.0050427913665771484,0.034944087266922,0.04718785360455513,-0.024377722293138504,-0.03160595893859863
227,74.0,0.006135225296020508,0.034944087266922,0.04718785360455513,-0.024377722293138504,-0.03160595893859863
228,58.0,0.004822731018066406,0.034944087266922,0.04718785360455513,-0.024377722293138504,-0.03160595893859863
229,58.0,0.0056400299072265625,0.034944087266922,0.04718785360455513,-0.024377722293138504,-0.03160595893859863
230,27.0,0.0030698776245117188,0.034944087266922,0.04718785360455513,-0.024377722293138504,-0.03160595893859863
231,57.0,0.005675077438354492,0.034944087266922,0.04718785360455513,-0.024377722293138504,-0.03160595893859863
232,52.0,0.004502058029174805,0.034944087266922,0.04718785360455513,-0.024377722293138504,-0.03160595893859863
233,76.0,0.008780956268310547,0.034944087266922,0.04718785360455513,-0.024377722293138504,-0.03160595893859863
234,50.0,0.0044481754302978516,0.034944087266922,0.04718785360455513,-0.024377722293138504,-0.03160595893859863
235,53.0,0.004569053649902344,0.034944087266922,0.04718785360455513,-0.024377722293138504,-0.03160595893859863
236,57.0,0.0050199031829833984,0.034944087266922,0.04718785360455513,-0.024377722293138504,-0.03160595893859863
237,31.0,0.0028159618377685547,0.034944087266922,0.04718785360455513,-0.024377722293138504,-0.03160595893859863
238,58.0,0.004923343658447266,0.034944087266922,0.04718785360455513,-0.024377722293138504,-0.03160595893859863
239,56.0,0.004950046539306641,0.034944087266922,0.04718785360455513,-0.024377722293138504,-0.03160595893859863
240,52.0,0.005419015884399414,0.034944087266922,0.04718785360455513,-0.024377722293138504,-0.03160595893859863
241,137.0,0.011691093444824219,0.034944087266922,0.04718785360455513,-0.024377722293138504,-0.03160595893859863
242,50.0,0.004382133483886719,0.034944087266922,0.04718785360455513,-0.024377722293138504,-0.03160595893859863
243,50.0,0.004170894622802734,0.034944087266922,0.04718785360455513,-0.024377722293138504,-0.03160595893859863
244,57.0,0.0049190521240234375,0.034944087266922,0.04718785360455513,-0.024377722293138504,-0.03160595893859863
245,58.0,0.004961967468261719,0.034944087266922,0.04718785360455513,-0.024377722293138504,-0.03160595893859863
246,58.0,0.00479888916015625,0.034944087266922,0.04718785360455513,-0.024377722293138504,-0.03160595893859863
247,188.0,0.017297983169555664,0.034944087266922,0.04718785360455513,-0.024377722293138504,-0.03160595893859863
248,64.0,0.0056781768798828125,0.034944087266922,0.04718785360455513,-0.024377722293138504,-0.03160595893859863
249,31.0,0.002838134765625,0.034944087266922,0.04718785360455513,-0.024377722293138504,-0.03160595893859863
250,165.0,0.014503240585327148,0.034944087266922,0.04718785360455513,-0.024377722293138504,-0.03160595893859863
251,63.0,0.005821943283081055,0.034944087266922,0.04718785360455513,-0.024377722293138504,-0.03160595893859863
252,50.0,0.004166126251220703,0.034944087266922,0.04718785360455513,-0.024377722293138504,-0.03160595893859863
253,50.0,0.004637956619262695,0.034944087266922,0.04718785360455513,-0.024377722293138504,-0.03160595893859863
254,284.0,0.023938655853271484,0.034944087266922,0.04718785360455513,-0.024377722293138504,-0.03160595893859863
255,57.0,0.004737138748168945,0.034944087266922,0.04718785360455513,-0.024377722293138504,-0.03160595893859863
256,229.0,0.018956899642944336,0.034944087266922,0.04718785360455513,-0.024377722293138504,-0.03160595893859863
257,30.0,0.0027768611907958984,0.034944087266922,0.04718785360455513,-0.024377722293138504,-0.03160595893859863
258,118.0,0.01063227653503418,0.034944087266922,0.04718785360455513,-0.024377722293138504,-0.03160595893859863
259,360.0,0.030946731567382812,0.034944087266922,0.04718785360455513,-0.024377722293138504,-0.03160595893859863
260,110.0,0.010349750518798828,0.034944087266922,0.04718785360455513,-0.024377722293138504,-0.03160595893859863
261,73.0,0.00605010986328125,0.034944087266922,0.04718785360455513,-0.024377722293138504,-0.03160595893859863
262,52.0,0.004289865493774414,0.034944087266922,0.04718785360455513,-0.024377722293138504,-0.03160595893859863
263,168.0,0.014802932739257812,0.034944087266922,0.04718785360455513,-0.024377722293138504,-0.03160595893859863
264,38.0,0.003428936004638672,0.034944087266922,0.04718785360455513,-0.024377722293138504,-0.03160595893859863
265,311.0,0.02526378631591797,0.034944087266922,0.04718785360455513,-0.024377722293138504,-0.03160595893859863
266,41.0,0.003450155258178711,0.034944087266922,0.04718785360455513,-0.024377722293138504,-0.03160595893859863
267,108.0,0.008853912353515625,0.034944087266922,0.04718785360455513,-0.024377722293138504,-0.03160595893859863
268,166.0,0.014098167419433594,0.034944087266922,0.04718785360455513,-0.024377722293138504,-0.03160595893859863
269,172.0,0.014072179794311523,0.034944087266922,0.04718785360455513,-0.024377722293138504,-0.03160595893859863
270,79.0,0.006658077239990234,0.034944087266922,0.04718785360455513,-0.024377722293138504,-0.03160595893859863
271,77.0,0.006418943405151367,0.034944087266922,0.04718785360455513,-0.024377722293138504,-0.03160595893859863
272,94.0,0.0076982975006103516,0.034944087266922,0.04718785360455513,-0.024377722293138504,-0.03160595893859863
273,117.0,0.00989389419555664,0.034944087266922,0.04718785360455513,-0.024377722293138504,-0.03160595893859863
274,79.0,0.006756782531738281,0.034944087266922,0.04718785360455513,-0.024377722293138504,-0.03160595893859863
275,88.0,0.007560253143310547,0.034944087266922,0.04718785360455513,-0.024377722293138504,-0.03160595893859863
276,251.0,0.021053791046142578,0.034944087266922,0.04718785360455513,-0.024377722293138504,-0.03160595893859863
277,57.0,0.005182981491088867,0.034944087266922,0.04718785360455513,-0.024377722293138504,-0.03160595893859863
278,166.0,0.014079093933105469,0.034944087266922,0.04718785360455513,-0.024377722293138504,-0.03160595893859863
279,68.0,0.006201982498168945,0.034944087266922,0.04718785360455513,-0.024377722293138504,-0.03160595893859863
280,174.0,0.014199018478393555,0.034944087266922,0.04718785360455513,-0.024377722293138504,-0.03160595893859863
281,61.0,0.005398988723754883,0.034944087266922,0.04718785360455513,-0.024377722293138504,-0.03160595893859863
282,176.0,0.015188217163085938,0.034944087266922,0.04718785360455513,-0.024377722293138504,-0.03160595893859863
283,113.0,0.00943899154663086,0.034944087266922,0.04718785360455513,-0.024377722293138504,-0.03160595893859863
284,54.0,0.005132913589477539,0.034944087266922,0.04718785360455513,-0.024377722293138504,-0.03160595893859863
285,92.0,0.007791757583618164,0.034944087266922,0.04718785360455513,-0.024377722293138504,-0.03160595893859863
286,128.0,0.011715173721313477,0.034944087266922,0.04718785360455513,-0.024377722293138504,-0.03160595893859863
287,160.0,0.013565301895141602,0.034944087266922,0.04718785360455513,-0.024377722293138504,-0.03160595893859863
288,55.0,0.00461888313293457,0.034944087266922,0.04718785360455513,-0.024377722293138504,-0.03160595893859863
289,176.0,0.015368938446044922,0.034944087266922,0.04718785360455513,-0.024377722293138504,-0.03160595893859863
290,64.0,0.005271196365356445,0.034944087266922,0.04718785360455513,-0.024377722293138504,-0.03160595893859863
291,46.0,0.0046062469482421875,0.034944087266922,0.04718785360455513,-0.024377722293138504,-0.03160595893859863
292,132.0,0.011163711547851562,0.034944087266922,0.04718785360455513,-0.024377722293138504,-0.03160595893859863
293,63.0,0.006201028823852539,0.034944087266922,0.04718785360455513,-0.024377722293138504,-0.03160595893859863
294,29.0,0.003242015838623047,0.034944087266922,0.04718785360455513,-0.024377722293138504,-0.03160595893859863
295,178.0,0.015238285064697266,0.034944087266922,0.04718785360455513,-0.024377722293138504,-0.03160595893859863
296,251.0,0.02131509780883789,0.034944087266922,0.04718785360455513,-0.024377722293138504,-0.03160595893859863
297,168.0,0.01397395133972168,0.034944087266922,0.04718785360455513,-0.024377722293138504,-0.03160595893859863
298,94.0,0.007761955261230469,0.034944087266922,0.04718785360455513,-0.024377722293138504,-0.03160595893859863
299,322.0,0.028389692306518555,0.034944087266922,0.04718785360455513,-0.024377722293138504,-0.03160595893859863
300,58.0,0.004809856414794922,0.034944087266922,0.04718785360455513,-0.024377722293138504,-0.03160595893859863
301,56.0,0.004595041275024414,0.034944087266922,0.04718785360455513,-0.024377722293138504,-0.03160595893859863
302,50.0,0.004645109176635742,0.034944087266922,0.04718785360455513,-0.024377722293138504,-0.03160595893859863
303,139.0,0.011923074722290039,0.034944087266922,0.04718785360455513,-0.024377722293138504,-0.03160595893859863
304,48.0,0.004257917404174805,0.034944087266922,0.04718785360455513,-0.024377722293138504,-0.03160595893859863
305,205.0,0.01783013343811035,0.034944087266922,0.04718785360455513,-0.024377722293138504,-0.03160595893859863
306,50.0,0.004393815994262695,0.034944087266922,0.04718785360455513,-0.024377722293138504,-0.03160595893859863
307,92.0,0.007688045501708984,0.034944087266922,0.04718785360455513,-0.024377722293138504,-0.03160595893859863
308,50.0,0.004419088363647461,0.034944087266922,0.04718785360455513,-0.024377722293138504,-0.03160595893859863
309,77.0,0.006891012191772461,0.034944087266922,0.04718785360455513,-0.024377722293138504,-0.03160595893859863
310,41.0,0.003535032272338867,0.034944087266922,0.04718785360455513,-0.024377722293138504,-0.03160595893859863
311,54.0,0.004619121551513672,0.034944087266922,0.04718785360455513,-0.024377722293138504,-0.03160595893859863
312,57.0,0.004812955856323242,0.034944087266922,0.04718785360455513,-0.024377722293138504,-0.03160595893859863
313,105.0,0.00861501693725586,0.034944087266922,0.04718785360455513,-0.024377722293138504,-0.03160595893859863
314,60.0,0.005262136459350586,0.034944087266922,0.04718785360455513,-0.024377722293138504,-0.03160595893859863
315,58.0,0.004737138748168945,0.034944087266922,0.04718785360455513,-0.024377722293138504,-0.03160595893859863
316,58.0,0.004936933517456055,0.034944087266922,0.04718785360455513,-0.024377722293138504,-0.03160595893859863
317,38.0,0.003728151321411133,0.034944087266922,0.04718785360455513,-0.024377722293138504,-0.03160595893859863
318,58.0,0.004715919494628906,0.034944087266922,0.04718785360455513,-0.024377722293138504,-0.03160595893859863
319,46.0,0.004111051559448242,0.034944087266922,0.04718785360455513,-0.024377722293138504,-0.03160595893859863
320,56.0,0.004766941070556641,0.034944087266922,0.04718785360455513,-0.024377722293138504,-0.03160595893859863
321,58.0,0.004992961883544922,0.034944087266922,0.04718785360455513,-0.024377722293138504,-0.03160595893859863
322,42.0,0.0036020278930664062,0.034944087266922,0.04718785360455513,-0.024377722293138504,-0.03160595893859863
323,58.0,0.004869937896728516,0.034944087266922,0.04718785360455513,-0.024377722293138504,-0.03160595893859863
324,200.0,0.017113685607910156,0.034944087266922,0.04718785360455513,-0.024377722293138504,-0.03160595893859863
325,156.0,0.01307988166809082,0.034944087266922,0.04718785360455513,-0.024377722293138504,-0.03160595893859863
326,138.0,0.01267695426940918,0.034944087266922,0.04718785360455513,-0.024377722293138504,-0.03160595893859863
327,57.0,0.005177974700927734,0.034944087266922,0.04718785360455513,-0.024377722293138504,-0.03160595893859863
328,55.0,0.004886150360107422,-0.037101682275533676,0.005500419996678829,0.04075548052787781,-0.006807180121541023
329,500.0,0.041687726974487305,-0.037101682275533676,0.005500419996678829,0.04075548052787781,-0.006807180121541023
330,55.0,0.004519224166870117,-0.037101682275533676,0.005500419996678829,0.04075548052787781,-0.006807180121541023
331,106.0,0.00907588005065918,-0.037101682275533676,0.005500419996678829,0.04075548052787781,-0.006807180121541023
332,321.0,0.025849103927612305,-0.037101682275533676,0.005500419996678829,0.04075548052787781,-0.006807180121541023
333,216.0,0.01788616180419922,-0.037101682275533676,0.005500419996678829,0.04075548052787781,-0.006807180121541023
334,59.0,0.0049037933349609375,-0.037101682275533676,0.005500419996678829,0.04075548052787781,-0.006807180121541023
335,55.0,0.004489898681640625,-0.037101682275533676,0.005500419996678829,0.04075548052787781,-0.006807180121541023
336,61.0,0.0049228668212890625,-0.037101682275533676,0.005500419996678829,0.04075548052787781,-0.006807180121541023
337,81.0,0.007358074188232422,-0.037101682275533676,0.005500419996678829,0.04075548052787781,-0.006807180121541023
338,93.0,0.007942914962768555,-0.037101682275533676,0.005500419996678829,0.04075548052787781,-0.006807180121541023
339,29.0,0.0027680397033691406,-0.037101682275533676,0.005500419996678829,0.04075548052787781,-0.006807180121541023
340,90.0,0.007854700088500977,-0.037101682275533676,0.005500419996678829,0.04075548052787781,-0.006807180121541023
341,94.0,0.007734775543212891,-0.037101682275533676,0.005500419996678829,0.04075548052787781,-0.006807180121541023
342,110.0,0.010110139846801758,-0.037101682275533676,0.005500419996678829,0.04075548052787781,-0.006807180121541023
343,29.0,0.002608060836791992,-0.037101682275533676,0.005500419996678829,0.04075548052787781,-0.006807180121541023
344,92.0,0.007609844207763672,-0.037101682275533676,0.005500419996678829,0.04075548052787781,-0.006807180121541023
345,254.0,0.021636962890625,-0.037101682275533676,0.005500419996678829,0.04075548052787781,-0.006807180121541023
346,91.0,0.0075190067291259766,-0.037101682275533676,0.005500419996678829,0.04075548052787781,-0.006807180121541023
347,55.0,0.0048329830169677734,-0.037101682275533676,0.005500419996678829,0.04075548052787781,-0.006807180121541023
348,89.0,0.00763392448425293,-0.037101682275533676,0.005500419996678829,0.04075548052787781,-0.006807180121541023
349,189.0,0.016080141067504883,-0.037101682275533676,0.005500419996678829,0.04075548052787781,-0.006807180121541023
350,114.0,0.00962519645690918,-0.037101682275533676,0.005500419996678829,0.04075548052787781,-0.006807180121541023
351,106.0,0.009167909622192383,-0.037101682275533676,0.005500419996678829,0.04075548052787781,-0.006807180121541023
352,141.0,0.012699127197265625,-0.037101682275533676,0.005500419996678829,0.04075548052787781,-0.006807180121541023
353,115.0,0.009279966354370117,-0.037101682275533676,0.005500419996678829,0.04075548052787781,-0.006807180121541023
354,111.0,0.009357929229736328,-0.037101682275533676,0.005500419996678829,0.04075548052787781,-0.006807180121541023
355,58.0,0.00551295280456543,-0.037101682275533676,0.005500419996678829,0.04075548052787781,-0.006807180121541023
356,87.0,0.007798671722412109,-0.037101682275533676,0.005500419996678829,0.04075548052787781,-0.006807180121541023
357,34.0,0.0029599666595458984,-0.037101682275533676,0.005500419996678829,0.04075548052787781,-0.006807180121541023
358,212.0,0.017902851104736328,-0.037101682275533676,0.005500419996678829,0.04075548052787781,-0.006807180121541023
359,126.0,0.010843038558959961,-0.037101682275533676,0.005500419996678829,0.04075548052787781,-0.006807180121541023
360,99.0,0.008559226989746094,-0.037101682275533676,0.005500419996678829,0.04075548052787781,-0.006807180121541023
361,91.0,0.007647991180419922,-0.037101682275533676,0.005500419996678829,0.04075548052787781,-0.006807180121541023
362,90.0,0.007348060607910156,-0.037101682275533676,0.005500419996678829,0.04075548052787781,-0.006807180121541023
363,110.0,0.009093761444091797,-0.037101682275533676,0.005500419996678829,0.04075548052787781,-0.006807180121541023
364,115.0,0.00964808464050293,-0.037101682275533676,0.005500419996678829,0.04075548052787781,-0.006807180121541023
365,130.0,0.010416984558105469,-0.037101682275533676,0.005500419996678829,0.04075548052787781,-0.006807180121541023
366,53.0,0.004353046417236328,-0.037101682275533676,0.005500419996678829,0.04075548052787781,-0.006807180121541023
367,94.0,0.0085601806640625,-0.037101682275533676,0.005500419996678829,0.04075548052787781,-0.006807180121541023
368,62.0,0.0053958892822265625,-0.037101682275533676,0.005500419996678829,0.04075548052787781,-0.006807180121541023
369,83.0,0.007278919219970703,-0.037101682275533676,0.005500419996678829,0.04075548052787781,-0.006807180121541023
370,93.0,0.007941007614135742,-0.037101682275533676,0.005500419996678829,0.04075548052787781,-0.006807180121541023
371,83.0,0.00705409049987793,-0.037101682275533676,0.005500419996678829,0.04075548052787781,-0.006807180121541023
372,91.0,0.008228063583374023,-0.037101682275533676,0.005500419996678829,0.04075548052787781,-0.006807180121541023
373,98.0,0.008287906646728516,-0.037101682275533676,0.005500419996678829,0.04075548052787781,-0.006807180121541023
374,81.0,0.006886005401611328,-0.037101682275533676,0.005500419996678829,0.04075548052787781,-0.006807180121541023
375,94.0,0.007815837860107422,-0.037101682275533676,0.005500419996678829,0.04075548052787781,-0.006807180121541023
376,91.0,0.008435964584350586,-0.037101682275533676,0.005500419996678829,0.04075548052787781,-0.006807180121541023
377,93.0,0.008027791976928711,-0.037101682275533676,0.005500419996678829,0.04075548052787781,-0.006807180121541023
378,55.0,0.004742860794067383,-0.037101682275533676,0.005500419996678829,0.04075548052787781,-0.006807180121541023
379,91.0,0.007583141326904297,-0.037101682275533676,0.005500419996678829,0.04075548052787781,-0.006807180121541023
380,93.0,0.007670879364013672,-0.037101682275533676,0.005500419996678829,0.04075548052787781,-0.006807180121541023
381,94.0,0.007800102233886719,-0.037101682275533676,0.005500419996678829,0.04075548052787781,-0.006807180121541023
382,93.0,0.007784843444824219,-0.037101682275533676,0.005500419996678829,0.04075548052787781,-0.006807180121541023
383,129.0,0.010724067687988281,-0.037101682275533676,0.005500419996678829,0.04075548052787781,-0.006807180121541023
384,188.0,0.01547384262084961,-0.037101682275533676,0.005500419996678829,0.04075548052787781,-0.006807180121541023
385,30.0,0.0026009082794189453,-0.037101682275533676,0.005500419996678829,0.04075548052787781,-0.006807180121541023
386,91.0,0.0076558589935302734,-0.037101682275533676,0.005500419996678829,0.04075548052787781,-0.006807180121541023
387,91.0,0.0074787139892578125,-0.037101682275533676,0.005500419996678829,0.04075548052787781,-0.006807180121541023
388,99.0,0.008087873458862305,-0.037101682275533676,0.005500419996678829,0.04075548052787781,-0.006807180121541023
389,122.0,0.010345935821533203,-0.037101682275533676,0.005500419996678829,0.04075548052787781,-0.006807180121541023
390,173.0,0.014705896377563477,-0.037101682275533676,0.005500419996678829,0.04075548052787781,-0.006807180121541023
391,49.0,0.004316806793212891,-0.037101682275533676,0.005500419996678829,0.04075548052787781,-0.006807180121541023
392,87.0,0.007838964462280273,-0.037101682275533676,0.005500419996678829,0.04075548052787781,-0.006807180121541023
393,90.0,0.007711887359619141,-0.037101682275533676,0.005500419996678829,0.04075548052787781,-0.006807180121541023
394,120.0,0.01034092903137207,-0.037101682275533676,0.005500419996678829,0.04075548052787781,-0.006807180121541023
395,97.0,0.008295059204101562,-0.037101682275533676,0.005500419996678829,0.04075548052787781,-0.006807180121541023
396,79.0,0.006955146789550781,-0.037101682275533676,0.005500419996678829,0.04075548052787781,-0.006807180121541023
397,89.0,0.007602214813232422,-0.037101682275533676,0.005500419996678829,0.04075548052787781,-0.006807180121541023
398,188.0,0.014905929565429688,-0.037101682275533676,0.005500419996678829,0.04075548052787781,-0.006807180121541023
399,68.0,0.005479097366333008,-0.037101682275533676,0.005500419996678829,0.04075548052787781,-0.006807180121541023
400,91.0,0.00805521011352539,-0.037101682275533676,0.005500419996678829,0.04075548052787781,-0.006807180121541023
401,93.0,0.008013248443603516,-0.037101682275533676,0.005500419996678829,0.04075548052787781,-0.006807180121541023
402,61.0,0.0053119659423828125,-0.037101682275533676,0.005500419996678829,0.04075548052787781,-0.006807180121541023
403,91.0,0.007761955261230469,-0.037101682275533676,0.005500419996678829,0.04075548052787781,-0.006807180121541023
404,92.0,0.008558034896850586,-0.037101682275533676,0.005500419996678829,0.04075548052787781,-0.006807180121541023
405,83.0,0.0068569183349609375,-0.037101682275533676,0.005500419996678829,0.04075548052787781,-0.006807180121541023
406,386.0,0.0320439338684082,-0.037101682275533676,0.005500419996678829,0.04075548052787781,-0.006807180121541023
407,69.0,0.005836009979248047,-0.037101682275533676,0.005500419996678829,0.04075548052787781,-0.006807180121541023
408,74.0,0.006197929382324219,-0.037101682275533676,0.005500419996678829,0.04075548052787781,-0.006807180121541023
409,50.0,0.004249095916748047,-0.037101682275533676,0.005500419996678829,0.04075548052787781,-0.006807180121541023
410,175.0,0.015055179595947266,-0.037101682275533676,0.005500419996678829,0.04075548052787781,-0.006807180121541023
411,90.0,0.00722503662109375,-0.037101682275533676,0.005500419996678829,0.04075548052787781,-0.006807180121541023
412,33.0,0.003013134002685547,-0.037101682275533676,0.005500419996678829,0.04075548052787781,-0.006807180121541023
413,95.0,0.008066892623901367,-0.037101682275533676,0.005500419996678829,0.04075548052787781,-0.006807180121541023
414,119.0,0.010438919067382812,-0.037101682275533676,0.005500419996678829,0.04075548052787781,-0.006807180121541023
415,89.0,0.007417201995849609,-0.037101682275533676,0.005500419996678829,0.04075548052787781,-0.006807180121541023
416,94.0,0.008260965347290039,-0.037101682275533676,0.005500419996678829,0.04075548052787781,-0.006807180121541023
417,89.0,0.007704019546508789,-0.037101682275533676,0.005500419996678829,0.04075548052787781,-0.006807180121541023
418,51.0,0.0041730403900146484,-0.037101682275533676,0.005500419996678829,0.04075548052787781,-0.006807180121541023
419,140.0,0.01190185546875,-0.037101682275533676,0.005500419996678829,0.04075548052787781,-0.006807180121541023
420,227.0,0.01889181137084961,-0.037101682275533676,0.005500419996678829,0.04075548052787781,-0.006807180121541023
421,71.0,0.006083965301513672,-0.037101682275533676,0.005500419996678829,0.04075548052787781,-0.006807180121541023
422,51.0,0.004403114318847656,-0.037101682275533676,0.005500419996678829,0.04075548052787781,-0.006807180121541023
423,104.0,0.00884103775024414,-0.037101682275533676,0.005500419996678829,0.04075548052787781,-0.006807180121541023
424,91.0,0.007922172546386719,-0.037101682275533676,0.005500419996678829,0.04075548052787781,-0.006807180121541023
425,108.0,0.009009122848510742,-0.037101682275533676,0.005500419996678829,0.04075548052787781,-0.006807180121541023
426,97.0,0.007934808731079102,-0.037101682275533676,0.005500419996678829,0.04075548052787781,-0.006807180121541023
427,84.0,0.006928205490112305,-0.037101682275533676,0.005500419996678829,0.04075548052787781,-0.006807180121541023
428,114.0,0.009371042251586914,-0.037101682275533676,0.005500419996678829,0.04075548052787781,-0.006807180121541023
429,50.0,0.004248142242431641,-0.037101682275533676,0.005500419996678829,0.04075548052787781,-0.006807180121541023
430,122.0,0.010607242584228516,-0.037101682275533676,0.005500419996678829,0.04075548052787781,-0.006807180121541023
431,451.0,0.037306785583496094,-0.037101682275533676,0.005500419996678829,0.04075548052787781,-0.006807180121541023
432,149.0,0.012740850448608398,-0.037101682275533676,0.005500419996678829,0.04075548052787781,-0.006807180121541023
433,125.0,0.010658979415893555,-0.037101682275533676,0.005500419996678829,0.04075548052787781,-0.006807180121541023
434,78.0,0.007795095443725586,-0.037101682275533676,0.005500419996678829,0.04075548052787781,-0.006807180121541023
435,96.0,0.008466958999633789,-0.037101682275533676,0.005500419996678829,0.04075548052787781,-0.006807180121541023
436,137.0,0.01111912727355957,-0.01547637302428484,-0.0018585275392979383,-0.040219731628894806,-0.04755337908864021
437,26.0,0.0023000240325927734,-0.01547637302428484,-0.0018585275392979383,-0.040219731628894806,-0.04755337908864021
438,24.0,0.0021169185638427734,-0.01547637302428484,-0.0018585275392979383,-0.040219731628894806,-0.04755337908864021
439,385.0,0.03138113021850586,-0.01547637302428484,-0.0018585275392979383,-0.040219731628894806,-0.04755337908864021
440,100.0,0.008140802383422852,-0.01547637302428484,-0.0018585275392979383,-0.040219731628894806,-0.04755337908864021
441,130.0,0.010263681411743164,-0.01547637302428484,-0.0018585275392979383,-0.040219731628894806,-0.04755337908864021
442,100.0,0.008049964904785156,-0.01547637302428484,-0.0018585275392979383,-0.040219731628894806,-0.04755337908864021
443,110.0,0.00889897346496582,-0.01547637302428484,-0.0018585275392979383,-0.040219731628894806,-0.04755337908864021
444,149.0,0.012089014053344727,-0.01547637302428484,-0.0018585275392979383,-0.040219731628894806,-0.04755337908864021
445,99.0,0.008330106735229492,-0.01547637302428484,-0.0018585275392979383,-0.040219731628894806,-0.04755337908864021
446,68.0,0.005754947662353516,-0.01547637302428484,-0.0018585275392979383,-0.040219731628894806,-0.04755337908864021
447,88.0,0.007577180862426758,-0.01547637302428484,-0.0018585275392979383,-0.040219731628894806,-0.04755337908864021
448,128.0,0.010893106460571289,-0.01547637302428484,-0.0018585275392979383,-0.040219731628894806,-0.04755337908864021
449,85.0,0.007097005844116211,-0.01547637302428484,-0.0018585275392979383,-0.040219731628894806,-0.04755337908864021
450,81.0,0.007185935974121094,-0.01547637302428484,-0.0018585275392979383,-0.040219731628894806,-0.04755337908864021
451,88.0,0.00781702995300293,-0.01547637302428484,-0.0018585275392979383,-0.040219731628894806,-0.04755337908864021
452,136.0,0.011606931686401367,-0.01547637302428484,-0.0018585275392979383,-0.040219731628894806,-0.04755337908864021
453,116.0,0.010175943374633789,-0.01547637302428484,-0.0018585275392979383,-0.040219731628894806,-0.04755337908864021
454,362.0,0.0296630859375,-0.01547637302428484,-0.0018585275392979383,-0.040219731628894806,-0.04755337908864021
455,154.0,0.012567996978759766,-0.01547637302428484,-0.0018585275392979383,-0.040219731628894806,-0.04755337908864021
456,53.0,0.004454851150512695,-0.01547637302428484,-0.0018585275392979383,-0.040219731628894806,-0.04755337908864021
457,150.0,0.012443065643310547,-0.01547637302428484,-0.0018585275392979383,-0.040219731628894806,-0.04755337908864021
458,33.0,0.002775907516479492,-0.01547637302428484,-0.0018585275392979383,-0.040219731628894806,-0.04755337908864021
459,147.0,0.011638164520263672,-0.01547637302428484,-0.0018585275392979383,-0.040219731628894806,-0.04755337908864021
460,125.0,0.010979890823364258,-0.01547637302428484,-0.0018585275392979383,-0.040219731628894806,-0.04755337908864021
461,403.0,0.03341817855834961,-0.01547637302428484,-0.0018585275392979383,-0.040219731628894806,-0.04755337908864021
462,156.0,0.013666868209838867,-0.01547637302428484,-0.0018585275392979383,-0.040219731628894806,-0.04755337908864021
463,22.0,0.0020411014556884766,-0.01547637302428484,-0.0018585275392979383,-0.040219731628894806,-0.04755337908864021
464,28.0,0.0024840831756591797,-0.01547637302428484,-0.0018585275392979383,-0.040219731628894806,-0.04755337908864021
465,215.0,0.018436908721923828,-0.01547637302428484,-0.0018585275392979383,-0.040219731628894806,-0.04755337908864021
466,159.0,0.013390064239501953,-0.01547637302428484,-0.0018585275392979383,-0.040219731628894806,-0.04755337908864021
467,13.0,0.0012960433959960938,-0.01547637302428484,-0.0018585275392979383,-0.040219731628894806,-0.04755337908864021
468,177.0,0.01450204849243164,-0.01547637302428484,-0.0018585275392979383,-0.040219731628894806,-0.04755337908864021
469,31.0,0.0026459693908691406,-0.01547637302428484,-0.0018585275392979383,-0.040219731628894806,-0.04755337908864021
470,167.0,0.013928890228271484,-0.01547637302428484,-0.0018585275392979383,-0.040219731628894806,-0.04755337908864021
471,28.0,0.0025229454040527344,-0.01547637302428484,-0.0018585275392979383,-0.040219731628894806,-0.04755337908864021
472,37.0,0.0031709671020507812,-0.01547637302428484,-0.0018585275392979383,-0.040219731628894806,-0.04755337908864021
473,104.0,0.009046077728271484,-0.01547637302428484,-0.0018585275392979383,-0.040219731628894806,-0.04755337908864021
474,260.0,0.02244091033935547,-0.01547637302428484,-0.0018585275392979383,-0.040219731628894806,-0.04755337908864021
475,179.0,0.015414953231811523,-0.01547637302428484,-0.0018585275392979383,-0.040219731628894806,-0.04755337908864021
476,158.0,0.013221025466918945,-0.01547637302428484,-0.0018585275392979383,-0.040219731628894806,-0.04755337908864021
477,153.0,0.012666940689086914,-0.01547637302428484,-0.0018585275392979383,-0.040219731628894806,-0.04755337908864021
478,31.0,0.003206968307495117,-0.01547637302428484,-0.0018585275392979383,-0.040219731628894806,-0.04755337908864021
479,140.0,0.011182069778442383,-0.01547637302428484,-0.0018585275392979383,-0.040219731628894806,-0.04755337908864021
480,33.0,0.0029821395874023438,-0.01547637302428484,-0.0018585275392979383,-0.040219731628894806,-0.04755337908864021
481,53.0,0.004680156707763672,-0.01547637302428484,-0.0018585275392979383,-0.040219731628894806,-0.04755337908864021
482,47.0,0.004026889801025391,-0.01547637302428484,-0.0018585275392979383,-0.040219731628894806,-0.04755337908864021
483,193.0,0.016942739486694336,-0.01547637302428484,-0.0018585275392979383,-0.040219731628894806,-0.04755337908864021
484,22.0,0.002093076705932617,-0.01547637302428484,-0.0018585275392979383,-0.040219731628894806,-0.04755337908864021
485,119.0,0.010083198547363281,-0.01547637302428484,-0.0018585275392979383,-0.040219731628894806,-0.04755337908864021
486,22.0,0.0020322799682617188,-0.01547637302428484,-0.0018585275392979383,-0.040219731628894806,-0.04755337908864021
487,128.0,0.01108098030090332,-0.01547637302428484,-0.0018585275392979383,-0.040219731628894806,-0.04755337908864021
488,53.0,0.004562854766845703,-0.01547637302428484,-0.0018585275392979383,-0.040219731628894806,-0.04755337908864021
489,82.0,0.0067331790924072266,-0.01547637302428484,-0.0018585275392979383,-0.040219731628894806,-0.04755337908864021
490,227.0,0.018954992294311523,-0.01547637302428484,-0.0018585275392979383,-0.040219731628894806,-0.04755337908864021
491,23.0,0.0024886131286621094,-0.01547637302428484,-0.0018585275392979383,-0.040219731628894806,-0.04755337908864021
492,134.0,0.011308670043945312,-0.01547637302428484,-0.0018585275392979383,-0.040219731628894806,-0.04755337908864021
493,227.0,0.019374847412109375,-0.01547637302428484,-0.0018585275392979383,-0.040219731628894806,-0.04755337908864021
494,13.0,0.0013608932495117188,-0.01547637302428484,-0.0018585275392979383,-0.040219731628894806,-0.04755337908864021
495,237.0,0.019341707229614258,-0.01547637302428484,-0.0018585275392979383,-0.040219731628894806,-0.04755337908864021
496,125.0,0.009926080703735352,-0.01547637302428484,-0.0018585275392979383,-0.040219731628894806,-0.04755337908864021
497,249.0,0.0205080509185791,-0.01547637302428484,-0.0018585275392979383,-0.040219731628894806,-0.04755337908864021
498,86.0,0.007626056671142578,-0.01547637302428484,-0.0018585275392979383,-0.040219731628894806,-0.04755337908864021
499,167.0,0.014168977737426758,-0.01547637302428484,-0.0018585275392979383,-0.040219731628894806,-0.04755337908864021
500,263.0,0.021792888641357422,-0.01547637302428484,-0.0018585275392979383,-0.040219731628894806,-0.04755337908864021
501,43.0,0.0036368370056152344,-0.01547637302428484,-0.0018585275392979383,-0.040219731628894806,-0.04755337908864021
502,53.0,0.0047130584716796875,-0.01547637302428484,-0.0018585275392979383,-0.040219731628894806,-0.04755337908864021
503,283.0,0.023030757904052734,-0.01547637302428484,-0.0018585275392979383,-0.040219731628894806,-0.04755337908864021
504,186.0,0.015985965728759766,-0.01547637302428484,-0.0018585275392979383,-0.040219731628894806,-0.04755337908864021
505,124.0,0.00996088981628418,-0.01547637302428484,-0.0018585275392979383,-0.040219731628894806,-0.04755337908864021
506,44.0,0.003657102584838867,-0.01547637302428484,-0.0018585275392979383,-0.040219731628894806,-0.04755337908864021
507,23.0,0.001981019973754883,-0.01547637302428484,-0.0018585275392979383,-0.040219731628894806,-0.04755337908864021
508,148.0,0.012179851531982422,-0.01547637302428484,-0.0018585275392979383,-0.040219731628894806,-0.04755337908864021
509,500.0,0.04218292236328125,-0.01547637302428484,-0.0018585275392979383,-0.040219731628894806,-0.04755337908864021
510,114.0,0.009940147399902344,-0.01547637302428484,-0.0018585275392979383,-0.040219731628894806,-0.04755337908864021
511,178.0,0.014932870864868164,-0.01547637302428484,-0.0018585275392979383,-0.040219731628894806,-0.04755337908864021
512,113.0,0.009064912796020508,-0.01547637302428484,-0.0018585275392979383,-0.040219731628894806,-0.04755337908864021
513,104.0,0.008667945861816406,-0.01547637302428484,-0.0018585275392979383,-0.040219731628894806,-0.04755337908864021
514,178.0,0.014760971069335938,-0.01547637302428484,-0.0018585275392979383,-0.040219731628894806,-0.04755337908864021
515,196.0,0.016073226928710938,-0.01547637302428484,-0.0018585275392979383,-0.040219731628894806,-0.04755337908864021
516,155.0,0.012748003005981445,-0.01547637302428484,-0.0018585275392979383,-0.040219731628894806,-0.04755337908864021
517,49.0,0.004456758499145508,-0.01547637302428484,-0.0018585275392979383,-0.040219731628894806,-0.04755337908864021
518,188.0,0.015150070190429688,-0.01547637302428484,-0.0018585275392979383,-0.040219731628894806,-0.04755337908864021
519,160.0,0.013692140579223633,-0.01547637302428484,-0.0018585275392979383,-0.040219731628894806,-0.04755337908864021
520,227.0,0.01984691619873047,-0.01547637302428484,-0.0018585275392979383,-0.040219731628894806,-0.04755337908864021
521,251.0,0.0213010311126709,-0.01547637302428484,-0.0018585275392979383,-0.040219731628894806,-0.04755337908864021
522,24.0,0.002183198928833008,-0.01547637302428484,-0.0018585275392979383,-0.040219731628894806,-0.04755337908864021
523,147.0,0.012233972549438477,-0.01547637302428484,-0.0018585275392979383,-0.040219731628894806,-0.04755337908864021
524,500.0,0.04176616668701172,-0.01547637302428484,-0.0018585275392979383,-0.040219731628894806,-0.04755337908864021
525,160.0,0.013423919677734375,-0.01547637302428484,-0.0018585275392979383,-0.040219731628894806,-0.04755337908864021
526,22.0,0.0020651817321777344,0.004410267807543278,0.038350775837898254,-0.01970873773097992,-0.006607784423977137
527,456.0,0.03726983070373535,0.004410267807543278,0.038350775837898254,-0.01970873773097992,-0.006607784423977137
528,360.0,0.029006004333496094,0.004410267807543278,0.038350775837898254,-0.01970873773097992,-0.006607784423977137
529,112.0,0.009452104568481445,0.004410267807543278,0.038350775837898254,-0.01970873773097992,-0.006607784423977137
530,25.0,0.002276182174682617,0.004410267807543278,0.038350775837898254,-0.01970873773097992,-0.006607784423977137
531,65.0,0.005380153656005859,0.004410267807543278,0.038350775837898254,-0.01970873773097992,-0.006607784423977137
532,343.0,0.028657913208007812,0.004410267807543278,0.038350775837898254,-0.01970873773097992,-0.006607784423977137
533,20.0,0.0018239021301269531,0.004410267807543278,0.038350775837898254,-0.01970873773097992,-0.006607784423977137
534,25.0,0.002215862274169922,0.004410267807543278,0.038350775837898254,-0.01970873773097992,-0.006607784423977137
535,97.0,0.008496999740600586,0.004410267807543278,0.038350775837898254,-0.01970873773097992,-0.006607784423977137
536,500.0,0.0418238639831543,0.004410267807543278,0.038350775837898254,-0.01970873773097992,-0.006607784423977137
537,47.0,0.004178047180175781,0.004410267807543278,0.038350775837898254,-0.01970873773097992,-0.006607784423977137
538,115.0,0.010151147842407227,0.004410267807543278,0.038350775837898254,-0.01970873773097992,-0.006607784423977137
539,280.0,0.023494958877563477,0.004410267807543278,0.038350775837898254,-0.01970873773097992,-0.006607784423977137
540,43.0,0.0035851001739501953,0.004410267807543278,0.038350775837898254,-0.01970873773097992,-0.006607784423977137
541,500.0,0.039984941482543945,0.004410267807543278,0.038350775837898254,-0.01970873773097992,-0.006607784423977137
542,343.0,0.028771162033081055,0.004410267807543278,0.038350775837898254,-0.01970873773097992,-0.006607784423977137
543,128.0,0.010601043701171875,0.004410267807543278,0.038350775837898254,-0.01970873773097992,-0.006607784423977137
544,152.0,0.013072967529296875,0.004410267807543278,0.038350775837898254,-0.01970873773097992,-0.006607784423977137
545,49.0,0.004708290100097656,0.004410267807543278,0.038350775837898254,-0.01970873773097992,-0.006607784423977137
546,500.0,0.041604042053222656,0.004410267807543278,0.038350775837898254,-0.01970873773097992,-0.006607784423977137
547,101.0,0.00840306282043457,0.004410267807543278,0.038350775837898254,-0.01970873773097992,-0.006607784423977137
548,79.0,0.006543159484863281,0.004410267807543278,0.038350775837898254,-0.01970873773097992,-0.006607784423977137
549,500.0,0.040966033935546875,0.004410267807543278,0.038350775837898254,-0.01970873773097992,-0.006607784423977137
550,500.0,0.042402029037475586,0.004410267807543278,0.038350775837898254,-0.01970873773097992,-0.006607784423977137
551,500.0,0.042478084564208984,0.004410267807543278,0.038350775837898254,-0.01970873773097992,-0.006607784423977137
552,500.0,0.04149198532104492,0.004410267807543278,0.038350775837898254,-0.01970873773097992,-0.006607784423977137
553,402.0,0.03363227844238281,0.004410267807543278,0.038350775837898254,-0.01970873773097992,-0.006607784423977137
554,500.0,0.04129290580749512,0.004410267807543278,0.038350775837898254,-0.01970873773097992,-0.006607784423977137
555,85.0,0.007240772247314453,0.004410267807543278,0.038350775837898254,-0.01970873773097992,-0.006607784423977137
556,105.0,0.008888006210327148,0.004410267807543278,0.038350775837898254,-0.01970873773097992,-0.006607784423977137
557,468.0,0.03933095932006836,0.004410267807543278,0.038350775837898254,-0.01970873773097992,-0.006607784423977137
558,251.0,0.02076125144958496,0.004410267807543278,0.038350775837898254,-0.01970873773097992,-0.006607784423977137
559,58.0,0.004965066909790039,0.004410267807543278,0.038350775837898254,-0.01970873773097992,-0.006607784423977137
560,57.0,0.005204200744628906,0.004410267807543278,0.038350775837898254,-0.01970873773097992,-0.006607784423977137
561,500.0,0.04122591018676758,0.004410267807543278,0.038350775837898254,-0.01970873773097992,-0.006607784423977137
562,239.0,0.018906831741333008,0.004410267807543278,0.038350775837898254,-0.01970873773097992,-0.006607784423977137
563,478.0,0.03843498229980469,0.004410267807543278,0.038350775837898254,-0.01970873773097992,-0.006607784423977137
564,363.0,0.031087160110473633,0.004410267807543278,0.038350775837898254,-0.01970873773097992,-0.006607784423977137
565,330.0,0.02789592742919922,0.004410267807543278,0.038350775837898254,-0.01970873773097992,-0.006607784423977137
566,82.0,0.007136821746826172,0.004410267807543278,0.038350775837898254,-0.01970873773097992,-0.006607784423977137
567,500.0,0.04127693176269531,0.004410267807543278,0.038350775837898254,-0.01970873773097992,-0.006607784423977137
568,198.0,0.015841007232666016,0.004410267807543278,0.038350775837898254,-0.01970873773097992,-0.006607784423977137
569,500.0,0.043195247650146484,0.004410267807543278,0.038350775837898254,-0.01970873773097992,-0.006607784423977137
570,87.0,0.008299112319946289,0.004410267807543278,0.038350775837898254,-0.01970873773097992,-0.006607784423977137
571,162.0,0.014018774032592773,0.004410267807543278,0.038350775837898254,-0.01970873773097992,-0.006607784423977137
572,408.0,0.03392982482910156,-0.020408019423484802,0.020223408937454224,-0.022699791938066483,-0.027271997183561325
573,40.0,0.003482818603515625,-0.020408019423484802,0.020223408937454224,-0.022699791938066483,-0.027271997183561325
574,40.0,0.003571033477783203,-0.020408019423484802,0.020223408937454224,-0.022699791938066483,-0.027271997183561325
575,55.0,0.005234956741333008,-0.020408019423484802,0.020223408937454224,-0.022699791938066483,-0.027271997183561325
576,149.0,0.01196432113647461,-0.020408019423484802,0.020223408937454224,-0.022699791938066483,-0.027271997183561325
577,61.0,0.005064964294433594,-0.020408019423484802,0.020223408937454224,-0.022699791938066483,-0.027271997183561325
578,49.0,0.004065752029418945,-0.020408019423484802,0.020223408937454224,-0.022699791938066483,-0.027271997183561325
579,112.0,0.010255813598632812,-0.020408019423484802,0.020223408937454224,-0.022699791938066483,-0.027271997183561325
580,78.0,0.0069522857666015625,-0.020408019423484802,0.020223408937454224,-0.022699791938066483,-0.027271997183561325
581,60.0,0.005434751510620117,-0.020408019423484802,0.020223408937454224,-0.022699791938066483,-0.027271997183561325
582,60.0,0.005385875701904297,-0.020408019423484802,0.020223408937454224,-0.022699791938066483,-0.027271997183561325
583,70.0,0.0056607723236083984,-0.020408019423484802,0.020223408937454224,-0.022699791938066483,-0.027271997183561325
584,60.0,0.004806995391845703,-0.020408019423484802,0.020223408937454224,-0.022699791938066483,-0.027271997183561325
585,61.0,0.005609989166259766,-0.020408019423484802,0.020223408937454224,-0.022699791938066483,-0.027271997183561325
586,53.0,0.004362344741821289,-0.020408019423484802,0.020223408937454224,-0.022699791938066483,-0.027271997183561325
587,61.0,0.005217075347900391,-0.020408019423484802,0.020223408937454224,-0.022699791938066483,-0.027271997183561325
588,68.0,0.006173849105834961,-0.020408019423484802,0.020223408937454224,-0.022699791938066483,-0.027271997183561325
589,49.0,0.004204988479614258,-0.020408019423484802,0.020223408937454224,-0.022699791938066483,-0.027271997183561325
590,101.0,0.008350133895874023,-0.020408019423484802,0.020223408937454224,-0.022699791938066483,-0.027271997183561325
591,77.0,0.006456851959228516,-0.020408019423484802,0.020223408937454224,-0.022699791938066483,-0.027271997183561325
592,40.0,0.003643035888671875,-0.020408019423484802,0.020223408937454224,-0.022699791938066483,-0.027271997183561325
593,61.0,0.006030082702636719,-0.020408019423484802,0.020223408937454224,-0.022699791938066483,-0.027271997183561325
594,109.0,0.010585784912109375,-0.020408019423484802,0.020223408937454224,-0.022699791938066483,-0.027271997183561325
595,50.0,0.004437685012817383,-0.020408019423484802,0.020223408937454224,-0.022699791938066483,-0.027271997183561325
596,68.0,0.005816936492919922,-0.020408019423484802,0.020223408937454224,-0.022699791938066483,-0.027271997183561325
597,73.0,0.006100177764892578,-0.020408019423484802,0.020223408937454224,-0.022699791938066483,-0.027271997183561325
598,52.0,0.004370927810668945,-0.020408019423484802,0.020223408937454224,-0.022699791938066483,-0.027271997183561325
599,74.0,0.006283998489379883,-0.020408019423484802,0.020223408937454224,-0.022699791938066483,-0.027271997183561325
600,73.0,0.00625300407409668,-0.020408019423484802,0.020223408937454224,-0.022699791938066483,-0.027271997183561325
601,40.0,0.0038080215454101562,-0.020408019423484802,0.020223408937454224,-0.022699791938066483,-0.027271997183561325
602,66.0,0.006557941436767578,-0.020408019423484802,0.020223408937454224,-0.022699791938066483,-0.027271997183561325
603,64.0,0.005925178527832031,-0.020408019423484802,0.020223408937454224,-0.022699791938066483,-0.027271997183561325
604,95.0,0.008825063705444336,-0.020408019423484802,0.020223408937454224,-0.022699791938066483,-0.027271997183561325
605,82.0,0.0075588226318359375,-0.020408019423484802,0.020223408937454224,-0.022699791938066483,-0.027271997183561325
606,71.0,0.0072591304779052734,-0.020408019423484802,0.020223408937454224,-0.022699791938066483,-0.027271997183561325
607,50.0,0.0048961639404296875,-0.020408019423484802,0.020223408937454224,-0.022699791938066483,-0.027271997183561325
608,60.0,0.00561213493347168,-0.020408019423484802,0.020223408937454224,-0.022699791938066483,-0.027271997183561325
609,54.0,0.005023002624511719,-0.020408019423484802,0.020223408937454224,-0.022699791938066483,-0.027271997183561325
610,130.0,0.014121055603027344,-0.020408019423484802,0.020223408937454224,-0.022699791938066483,-0.027271997183561325
611,42.0,0.004539966583251953,-0.020408019423484802,0.020223408937454224,-0.022699791938066483,-0.027271997183561325
612,60.0,0.007405281066894531,-0.020408019423484802,0.020223408937454224,-0.022699791938066483,-0.027271997183561325
613,60.0,0.006780862808227539,-0.020408019423484802,0.020223408937454224,-0.022699791938066483,-0.027271997183561325
614,60.0,0.00639796257019043,-0.020408019423484802,0.020223408937454224,-0.022699791938066483,-0.027271997183561325
615,70.0,0.006304025650024414,-0.020408019423484802,0.020223408937454224,-0.022699791938066483,-0.027271997183561325
616,62.0,0.0058362483978271484,-0.020408019423484802,0.020223408937454224,-0.022699791938066483,-0.027271997183561325
617,65.0,0.005927324295043945,-0.020408019423484802,0.020223408937454224,-0.022699791938066483,-0.027271997183561325
618,72.0,0.0067708492279052734,-0.020408019423484802,0.020223408937454224,-0.022699791938066483,-0.027271997183561325
619,60.0,0.006136894226074219,-0.020408019423484802,0.020223408937454224,-0.022699791938066483,-0.027271997183561325
620,33.0,0.0029382705688476562,-0.020408019423484802,0.020223408937454224,-0.022699791938066483,-0.027271997183561325
621,251.0,0.022958040237426758,-0.020408019423484802,0.020223408937454224,-0.022699791938066483,-0.027271997183561325
622,12.0,0.0012619495391845703,-0.020408019423484802,0.020223408937454224,-0.022699791938066483,-0.027271997183561325
623,28.0,0.0031991004943847656,-0.020408019423484802,0.020223408937454224,-0.022699791938066483,-0.027271997183561325
624,99.0,0.009032964706420898,-0.020408019423484802,0.020223408937454224,-0.022699791938066483,-0.027271997183561325
625,134.0,0.011632919311523438,-0.020408019423484802,0.020223408937454224,-0.022699791938066483,-0.027271997183561325
626,49.0,0.0040302276611328125,-0.020408019423484802,0.020223408937454224,-0.022699791938066483,-0.027271997183561325
627,138.0,0.011491060256958008,-0.020408019423484802,0.020223408937454224,-0.022699791938066483,-0.027271997183561325
628,306.0,0.026925086975097656,-0.020408019423484802,0.020223408937454224,-0.022699791938066483,-0.027271997183561325
629,32.0,0.002752065658569336,-0.020408019423484802,0.020223408937454224,-0.022699791938066483,-0.027271997183561325
630,266.0,0.021071195602416992,-0.020408019423484802,0.020223408937454224,-0.022699791938066483,-0.027271997183561325
631,60.0,0.00516510009765625,-0.020408019423484802,0.020223408937454224,-0.022699791938066483,-0.027271997183561325
632,61.0,0.005455970764160156,-0.020408019423484802,0.020223408937454224,-0.022699791938066483,-0.027271997183561325
633,77.0,0.0069980621337890625,-0.020408019423484802,0.020223408937454224,-0.022699791938066483,-0.027271997183561325
634,60.0,0.0049359798431396484,-0.020408019423484802,0.020223408937454224,-0.022699791938066483,-0.027271997183561325
635,198.0,0.017555952072143555,-0.020408019423484802,0.020223408937454224,-0.022699791938066483,-0.027271997183561325
636,71.0,0.007018089294433594,-0.020408019423484802,0.020223408937454224,-0.022699791938066483,-0.027271997183561325
637,65.0,0.0060040950775146484,-0.020408019423484802,0.020223408937454224,-0.022699791938066483,-0.027271997183561325
638,128.0,0.010452032089233398,-0.020408019423484802,0.020223408937454224,-0.022699791938066483,-0.027271997183561325
639,62.0,0.005819797515869141,-0.020408019423484802,0.020223408937454224,-0.022699791938066483,-0.027271997183561325
640,64.0,0.005204916000366211,-0.020408019423484802,0.020223408937454224,-0.022699791938066483,-0.027271997183561325
641,64.0,0.005875825881958008,-0.020408019423484802,0.020223408937454224,-0.022699791938066483,-0.027271997183561325
642,70.0,0.005892038345336914,-0.020408019423484802,0.020223408937454224,-0.022699791938066483,-0.027271997183561325
643,67.0,0.005884885787963867,-0.020408019423484802,0.020223408937454224,-0.022699791938066483,-0.027271997183561325
644,152.0,0.013355016708374023,-0.020408019423484802,0.020223408937454224,-0.022699791938066483,-0.027271997183561325
645,42.0,0.003699064254760742,-0.020408019423484802,0.020223408937454224,-0.022699791938066483,-0.027271997183561325
646,62.0,0.005918979644775391,-0.020408019423484802,0.020223408937454224,-0.022699791938066483,-0.027271997183561325
647,64.0,0.005441904067993164,-0.020408019423484802,0.020223408937454224,-0.022699791938066483,-0.027271997183561325
648,69.0,0.006161928176879883,-0.020408019423484802,0.020223408937454224,-0.022699791938066483,-0.027271997183561325
649,60.0,0.00590205192565918,-0.020408019423484802,0.020223408937454224,-0.022699791938066483,-0.027271997183561325
650,71.0,0.006104946136474609,-0.020408019423484802,0.020223408937454224,-0.022699791938066483,-0.027271997183561325
651,223.0,0.018519163131713867,-0.020408019423484802,0.020223408937454224,-0.022699791938066483,-0.027271997183561325
652,61.0,0.0051403045654296875,-0.020408019423484802,0.020223408937454224,-0.022699791938066483,-0.027271997183561325
653,70.0,0.006439924240112305,-0.020408019423484802,0.020223408937454224,-0.022699791938066483,-0.027271997183561325
654,82.0,0.00742793083190918,-0.020408019423484802,0.020223408937454224,-0.022699791938066483,-0.027271997183561325
655,45.0,0.004762172698974609,-0.020408019423484802,0.020223408937454224,-0.022699791938066483,-0.027271997183561325
656,91.0,0.007775068283081055,-0.020408019423484802,0.020223408937454224,-0.022699791938066483,-0.027271997183561325
657,70.0,0.006237983703613281,-0.020408019423484802,0.020223408937454224,-0.022699791938066483,-0.027271997183561325
658,189.0,0.015741825103759766,-0.020408019423484802,0.020223408937454224,-0.022699791938066483,-0.027271997183561325
659,135.0,0.011261940002441406,-0.020408019423484802,0.020223408937454224,-0.022699791938066483,-0.027271997183561325
660,124.0,0.010233879089355469,-0.020408019423484802,0.020223408937454224,-0.022699791938066483,-0.027271997183561325
661,56.0,0.004612922668457031,-0.020408019423484802,0.020223408937454224,-0.022699791938066483,-0.027271997183561325
662,65.0,0.005284786224365234,-0.020408019423484802,0.020223408937454224,-0.022699791938066483,-0.027271997183561325
663,54.0,0.004380226135253906,-0.020408019423484802,0.020223408937454224,-0.022699791938066483,-0.027271997183561325
664,75.0,0.006132841110229492,-0.020408019423484802,0.020223408937454224,-0.022699791938066483,-0.027271997183561325
665,38.0,0.0032529830932617188,-0.020408019423484802,0.020223408937454224,-0.022699791938066483,-0.027271997183561325
666,82.0,0.007555961608886719,-0.020408019423484802,0.020223408937454224,-0.022699791938066483,-0.027271997183561325
667,90.0,0.007443904876708984,-0.020408019423484802,0.020223408937454224,-0.022699791938066483,-0.027271997183561325
668,96.0,0.007832050323486328,-0.020408019423484802,0.020223408937454224,-0.022699791938066483,-0.027271997183561325
669,116.0,0.010076284408569336,-0.020408019423484802,0.020223408937454224,-0.022699791938066483,-0.027271997183561325
670,102.0,0.009140968322753906,-0.020408019423484802,0.020223408937454224,-0.022699791938066483,-0.027271997183561325
671,49.0,0.00432896614074707,-0.020408019423484802,0.020223408937454224,-0.022699791938066483,-0.027271997183561325
672,96.0,0.008207082748413086,-0.020408019423484802,0.020223408937454224,-0.022699791938066483,-0.027271997183561325
673,247.0,0.020726919174194336,-0.020408019423484802,0.020223408937454224,-0.022699791938066483,-0.027271997183561325
674,12.0,0.001386880874633789,-0.020408019423484802,0.020223408937454224,-0.022699791938066483,-0.027271997183561325
675,104.0,0.008831024169921875,-0.020408019423484802,0.020223408937454224,-0.022699791938066483,-0.027271997183561325
676,122.0,0.010358095169067383,-0.020408019423484802,0.020223408937454224,-0.022699791938066483,-0.027271997183561325
677,72.0,0.006096839904785156,-0.020408019423484802,0.020223408937454224,-0.022699791938066483,-0.027271997183561325
678,32.0,0.002804994583129883,-0.020408019423484802,0.020223408937454224,-0.022699791938066483,-0.027271997183561325
679,194.0,0.01746511459350586,-0.020408019423484802,0.020223408937454224,-0.022699791938066483,-0.027271997183561325
680,41.0,0.003508329391479492,-0.020408019423484802,0.020223408937454224,-0.022699791938066483,-0.027271997183561325
681,98.0,0.007977962493896484,-0.020408019423484802,0.020223408937454224,-0.022699791938066483,-0.027271997183561325
682,111.0,0.009715080261230469,-0.020408019423484802,0.020223408937454224,-0.022699791938066483,-0.027271997183561325
683,268.0,0.022507190704345703,-0.020408019423484802,0.020223408937454224,-0.022699791938066483,-0.027271997183561325
684,228.0,0.019010066986083984,-0.020408019423484802,0.020223408937454224,-0.022699791938066483,-0.027271997183561325
685,262.0,0.021372079849243164,-0.020408019423484802,0.020223408937454224,-0.022699791938066483,-0.027271997183561325
686,12.0,0.0015196800231933594,-0.020408019423484802,0.020223408937454224,-0.022699791938066483,-0.027271997183561325
687,70.0,0.005792140960693359,-0.020408019423484802,0.020223408937454224,-0.022699791938066483,-0.027271997183561325
688,108.0,0.009017229080200195,-0.020408019423484802,0.020223408937454224,-0.022699791938066483,-0.027271997183561325
689,60.0,0.005058765411376953,-0.020408019423484802,0.020223408937454224,-0.022699791938066483,-0.027271997183561325
690,84.0,0.006905078887939453,-0.020408019423484802,0.020223408937454224,-0.022699791938066483,-0.027271997183561325
691,67.0,0.005944013595581055,-0.020408019423484802,0.020223408937454224,-0.022699791938066483,-0.027271997183561325
692,55.0,0.0048770904541015625,-0.020408019423484802,0.020223408937454224,-0.022699791938066483,-0.027271997183561325
693,85.0,0.007529020309448242,-0.020408019423484802,0.020223408937454224,-0.022699791938066483,-0.027271997183561325
694,60.0,0.0053119659423828125,-0.020408019423484802,0.020223408937454224,-0.022699791938066483,-0.027271997183561325
695,60.0,0.005031108856201172,-0.020408019423484802,0.020223408937454224,-0.022699791938066483,-0.027271997183561325
696,73.0,0.005964994430541992,-0.020408019423484802,0.020223408937454224,-0.022699791938066483,-0.027271997183561325
697,72.0,0.006456136703491211,-0.020408019423484802,0.020223408937454224,-0.022699791938066483,-0.027271997183561325
698,327.0,0.026936054229736328,-0.020408019423484802,0.020223408937454224,-0.022699791938066483,-0.027271997183561325
699,111.0,0.009454727172851562,0.018811963498592377,0.011917497031390667,-0.03320002928376198,0.031217990443110466
700,137.0,0.01136016845703125,0.018811963498592377,0.011917497031390667,-0.03320002928376198,0.031217990443110466
701,101.0,0.008601188659667969,0.018811963498592377,0.011917497031390667,-0.03320002928376198,0.031217990443110466
702,122.0,0.010571002960205078,0.018811963498592377,0.011917497031390667,-0.03320002928376198,0.031217990443110466
703,173.0,0.014217853546142578,0.018811963498592377,0.011917497031390667,-0.03320002928376198,0.031217990443110466
704,117.0,0.009675979614257812,0.018811963498592377,0.011917497031390667,-0.03320002928376198,0.031217990443110466
705,146.0,0.012851953506469727,0.018811963498592377,0.011917497031390667,-0.03320002928376198,0.031217990443110466
706,179.0,0.015115976333618164,0.018811963498592377,0.011917497031390667,-0.03320002928376198,0.031217990443110466
707,143.0,0.012196063995361328,0.018811963498592377,0.011917497031390667,-0.03320002928376198,0.031217990443110466
708,113.0,0.00935983657836914,0.018811963498592377,0.011917497031390667,-0.03320002928376198,0.031217990443110466
709,92.0,0.007841825485229492,0.018811963498592377,0.011917497031390667,-0.03320002928376198,0.031217990443110466
710,105.0,0.008699893951416016,0.018811963498592377,0.011917497031390667,-0.03320002928376198,0.031217990443110466
711,156.0,0.013441085815429688,0.018811963498592377,0.011917497031390667,-0.03320002928376198,0.031217990443110466
712,164.0,0.013529777526855469,0.018811963498592377,0.011917497031390667,-0.03320002928376198,0.031217990443110466
713,44.0,0.0037031173706054688,0.018811963498592377,0.011917497031390667,-0.03320002928376198,0.031217990443110466
714,150.0,0.012479066848754883,0.018811963498592377,0.011917497031390667,-0.03320002928376198,0.031217990443110466
715,50.0,0.004115104675292969,0.018811963498592377,0.011917497031390667,-0.03320002928376198,0.031217990443110466
716,131.0,0.01046895980834961,0.018811963498592377,0.011917497031390667,-0.03320002928376198,0.031217990443110466
717,135.0,0.010788917541503906,0.018811963498592377,0.011917497031390667,-0.03320002928376198,0.031217990443110466
718,105.0,0.009411096572875977,0.018811963498592377,0.011917497031390667,-0.03320002928376198,0.031217990443110466
719,252.0,0.020806312561035156,0.018811963498592377,0.011917497031390667,-0.03320002928376198,0.031217990443110466
720,159.0,0.013911724090576172,0.018811963498592377,0.011917497031390667,-0.03320002928376198,0.031217990443110466
721,53.0,0.0044498443603515625,0.018811963498592377,0.011917497031390667,-0.03320002928376198,0.031217990443110466
722,62.0,0.005461931228637695,0.018811963498592377,0.011917497031390667,-0.03320002928376198,0.031217990443110466
723,122.0,0.009753942489624023,0.018811963498592377,0.011917497031390667,-0.03320002928376198,0.031217990443110466
724,122.0,0.010335206985473633,0.018811963498592377,0.011917497031390667,-0.03320002928376198,0.031217990443110466
725,125.0,0.010392904281616211,0.018811963498592377,0.011917497031390667,-0.03320002928376198,0.031217990443110466
726,96.0,0.008508920669555664,0.018811963498592377,0.011917497031390667,-0.03320002928376198,0.031217990443110466
727,85.0,0.0071527957916259766,0.018811963498592377,0.011917497031390667,-0.03320002928376198,0.031217990443110466
728,34.0,0.003092050552368164,0.018811963498592377,0.011917497031390667,-0.03320002928376198,0.031217990443110466
729,118.0,0.01023101806640625,0.018811963498592377,0.011917497031390667,-0.03320002928376198,0.031217990443110466
730,203.0,0.016965150833129883,0.018811963498592377,0.011917497031390667,-0.03320002928376198,0.031217990443110466
731,32.0,0.0027670860290527344,0.018811963498592377,0.011917497031390667,-0.03320002928376198,0.031217990443110466
732,75.0,0.006464958190917969,0.018811963498592377,0.011917497031390667,-0.03320002928376198,0.031217990443110466
733,38.0,0.0033740997314453125,0.018811963498592377,0.011917497031390667,-0.03320002928376198,0.031217990443110466
734,226.0,0.0190279483795166,0.018811963498592377,0.011917497031390667,-0.03320002928376198,0.031217990443110466
735,293.0,0.02376103401184082,0.018811963498592377,0.011917497031390667,-0.03320002928376198,0.031217990443110466
736,53.0,0.004357814788818359,0.018811963498592377,0.011917497031390667,-0.03320002928376198,0.031217990443110466
737,257.0,0.021208763122558594,0.018811963498592377,0.011917497031390667,-0.03320002928376198,0.031217990443110466
738,123.0,0.010078907012939453,0.018811963498592377,0.011917497031390667,-0.03320002928376198,0.031217990443110466
739,46.0,0.0038306713104248047,0.018811963498592377,0.011917497031390667,-0.03320002928376198,0.031217990443110466
740,164.0,0.01353907585144043,0.018811963498592377,0.011917497031390667,-0.03320002928376198,0.031217990443110466
741,61.0,0.0051577091217041016,0.018811963498592377,0.011917497031390667,-0.03320002928376198,0.031217990443110466
742,172.0,0.01472020149230957,0.018811963498592377,0.011917497031390667,-0.03320002928376198,0.031217990443110466
743,39.0,0.0033049583435058594,0.018811963498592377,0.011917497031390667,-0.03320002928376198,0.031217990443110466
744,59.0,0.004801034927368164,0.018811963498592377,0.011917497031390667,-0.03320002928376198,0.031217990443110466
745,88.0,0.007406949996948242,0.018811963498592377,0.011917497031390667,-0.03320002928376198,0.031217990443110466
746,277.0,0.022896766662597656,0.018811963498592377,0.011917497031390667,-0.03320002928376198,0.031217990443110466
747,113.0,0.009530067443847656,0.018811963498592377,0.011917497031390667,-0.03320002928376198,0.031217990443110466
748,148.0,0.011684179306030273,0.018811963498592377,0.011917497031390667,-0.03320002928376198,0.031217990443110466
749,91.0,0.007821083068847656,0.018811963498592377,0.011917497031390667,-0.03320002928376198,0.031217990443110466
750,337.0,0.02827167510986328,0.018811963498592377,0.011917497031390667,-0.03320002928376198,0.031217990443110466
751,161.0,0.013144969940185547,0.018811963498592377,0.011917497031390667,-0.03320002928376198,0.031217990443110466
752,186.0,0.01574110984802246,0.018811963498592377,0.011917497031390667,-0.03320002928376198,0.031217990443110466
753,194.0,0.01620793342590332,0.018811963498592377,0.011917497031390667,-0.03320002928376198,0.031217990443110466
754,260.0,0.02324199676513672,0.018811963498592377,0.011917497031390667,-0.03320002928376198,0.031217990443110466
755,78.0,0.006803274154663086,0.018811963498592377,0.011917497031390667,-0.03320002928376198,0.031217990443110466
756,219.0,0.018388986587524414,0.018811963498592377,0.011917497031390667,-0.03320002928376198,0.031217990443110466
757,74.0,0.006682872772216797,0.018811963498592377,0.011917497031390667,-0.03320002928376198,0.031217990443110466
758,181.0,0.02279210090637207,0.018811963498592377,0.011917497031390667,-0.03320002928376198,0.031217990443110466
759,128.0,0.012690305709838867,0.018811963498592377,0.011917497031390667,-0.03320002928376198,0.031217990443110466
760,212.0,0.032131195068359375,0.018811963498592377,0.011917497031390667,-0.03320002928376198,0.031217990443110466
761,208.0,0.02261519432067871,0.018811963498592377,0.011917497031390667,-0.03320002928376198,0.031217990443110466
762,179.0,0.018776893615722656,0.018811963498592377,0.011917497031390667,-0.03320002928376198,0.031217990443110466
763,119.0,0.01271200180053711,0.018811963498592377,0.011917497031390667,-0.03320002928376198,0.031217990443110466
764,128.0,0.013715028762817383,0.018811963498592377,0.011917497031390667,-0.03320002928376198,0.031217990443110466
765,104.0,0.00921010971069336,0.018811963498592377,0.011917497031390667,-0.03320002928376198,0.031217990443110466
766,118.0,0.011480093002319336,0.018811963498592377,0.011917497031390667,-0.03320002928376198,0.031217990443110466
767,14.0,0.0016410350799560547,0.018811963498592377,0.011917497031390667,-0.03320002928376198,0.031217990443110466
768,138.0,0.01679706573486328,0.018811963498592377,0.011917497031390667,-0.03320002928376198,0.031217990443110466
769,126.0,0.01505732536315918,0.018811963498592377,0.011917497031390667,-0.03320002928376198,0.031217990443110466
770,152.0,0.022557973861694336,0.018811963498592377,0.011917497031390667,-0.03320002928376198,0.031217990443110466
771,449.0,0.04562211036682129,0.018811963498592377,0.011917497031390667,-0.03320002928376198,0.031217990443110466
772,39.0,0.0035958290100097656,0.018811963498592377,0.011917497031390667,-0.03320002928376198,0.031217990443110466
773,145.0,0.013342857360839844,0.018811963498592377,0.011917497031390667,-0.03320002928376198,0.031217990443110466
774,146.0,0.01391911506652832,0.018811963498592377,0.011917497031390667,-0.03320002928376198,0.031217990443110466
775,136.0,0.014596939086914062,0.018811963498592377,0.011917497031390667,-0.03320002928376198,0.031217990443110466
776,154.0,0.01807379722595215,0.018811963498592377,0.011917497031390667,-0.03320002928376198,0.031217990443110466
777,139.0,0.015075922012329102,0.018811963498592377,0.011917497031390667,-0.03320002928376198,0.031217990443110466
778,141.0,0.015307903289794922,-0.025948496535420418,-0.003621066454797983,-0.0399346761405468,-0.011267583817243576
779,43.0,0.004565000534057617,-0.025948496535420418,-0.003621066454797983,-0.0399346761405468,-0.011267583817243576
780,164.0,0.016073942184448242,-0.025948496535420418,-0.003621066454797983,-0.0399346761405468,-0.011267583817243576
781,110.0,0.010481119155883789,-0.025948496535420418,-0.003621066454797983,-0.0399346761405468,-0.011267583817243576
782,114.0,0.010402202606201172,-0.025948496535420418,-0.003621066454797983,-0.0399346761405468,-0.011267583817243576
783,142.0,0.01474308967590332,-0.025948496535420418,-0.003621066454797983,-0.0399346761405468,-0.011267583817243576
784,31.0,0.002775907516479492,-0.025948496535420418,-0.003621066454797983,-0.0399346761405468,-0.011267583817243576
785,84.0,0.00789189338684082,-0.025948496535420418,-0.003621066454797983,-0.0399346761405468,-0.011267583817243576
786,107.0,0.009582757949829102,-0.025948496535420418,-0.003621066454797983,-0.0399346761405468,-0.011267583817243576
787,171.0,0.015725135803222656,-0.025948496535420418,-0.003621066454797983,-0.0399346761405468,-0.011267583817243576
788,23.0,0.0022919178009033203,-0.025948496535420418,-0.003621066454797983,-0.0399346761405468,-0.011267583817243576
789,116.0,0.010061979293823242,-0.025948496535420418,-0.003621066454797983,-0.0399346761405468,-0.011267583817243576
790,147.0,0.01272892951965332,-0.025948496535420418,-0.003621066454797983,-0.0399346761405468,-0.011267583817243576
791,63.0,0.005277872085571289,-0.025948496535420418,-0.003621066454797983,-0.0399346761405468,-0.011267583817243576
792,151.0,0.01329183578491211,-0.025948496535420418,-0.003621066454797983,-0.0399346761405468,-0.011267583817243576
793,61.0,0.0053021907806396484,-0.025948496535420418,-0.003621066454797983,-0.0399346761405468,-0.011267583817243576
794,186.0,0.015744924545288086,-0.025948496535420418,-0.003621066454797983,-0.0399346761405468,-0.011267583817243576
795,20.0,0.0020437240600585938,-0.025948496535420418,-0.003621066454797983,-0.0399346761405468,-0.011267583817243576
796,252.0,0.0312802791595459,-0.025948496535420418,-0.003621066454797983,-0.0399346761405468,-0.011267583817243576
797,210.0,0.03292989730834961,-0.025948496535420418,-0.003621066454797983,-0.0399346761405468,-0.011267583817243576
798,19.0,0.0019712448120117188,-0.025948496535420418,-0.003621066454797983,-0.0399346761405468,-0.011267583817243576
799,121.0,0.016865015029907227,-0.025948496535420418,-0.003621066454797983,-0.0399346761405468,-0.011267583817243576
800,130.0,0.01403498649597168,-0.025948496535420418,-0.003621066454797983,-0.0399346761405468,-0.011267583817243576
801,164.0,0.01789999008178711,-0.025948496535420418,-0.003621066454797983,-0.0399346761405468,-0.011267583817243576
802,156.0,0.01273202896118164,-0.025948496535420418,-0.003621066454797983,-0.0399346761405468,-0.011267583817243576
803,147.0,0.01186680793762207,-0.025948496535420418,-0.003621066454797983,-0.0399346761405468,-0.011267583817243576
804,175.0,0.015202999114990234,-0.025948496535420418,-0.003621066454797983,-0.0399346761405468,-0.011267583817243576
805,173.0,0.014921903610229492,-0.025948496535420418,-0.003621066454797983,-0.0399346761405468,-0.011267583817243576
806,118.0,0.00941014289855957,-0.025948496535420418,-0.003621066454797983,-0.0399346761405468,-0.011267583817243576
807,178.0,0.014821767807006836,-0.025948496535420418,-0.003621066454797983,-0.0399346761405468,-0.011267583817243576
808,181.0,0.0152130126953125,-0.025948496535420418,-0.003621066454797983,-0.0399346761405468,-0.011267583817243576
809,164.0,0.013900041580200195,-0.025948496535420418,-0.003621066454797983,-0.0399346761405468,-0.011267583817243576
810,125.0,0.010618209838867188,-0.025948496535420418,-0.003621066454797983,-0.0399346761405468,-0.011267583817243576
811,81.0,0.006551027297973633,-0.025948496535420418,-0.003621066454797983,-0.0399346761405468,-0.011267583817243576
812,154.0,0.012764215469360352,-0.025948496535420418,-0.003621066454797983,-0.0399346761405468,-0.011267583817243576
813,138.0,0.011270999908447266,-0.025948496535420418,-0.003621066454797983,-0.0399346761405468,-0.011267583817243576
814,132.0,0.011780738830566406,-0.025948496535420418,-0.003621066454797983,-0.0399346761405468,-0.011267583817243576
815,31.0,0.0026640892028808594,-0.025948496535420418,-0.003621066454797983,-0.0399346761405468,-0.011267583817243576
816,262.0,0.02170109748840332,-0.025948496535420418,-0.003621066454797983,-0.0399346761405468,-0.011267583817243576
817,165.0,0.013873815536499023,-0.025948496535420418,-0.003621066454797983,-0.0399346761405468,-0.011267583817243576
818,165.0,0.013883113861083984,-0.025948496535420418,-0.003621066454797983,-0.0399346761405468,-0.011267583817243576
819,160.0,0.013663053512573242,-0.025948496535420418,-0.003621066454797983,-0.0399346761405468,-0.011267583817243576
820,101.0,0.008572101593017578,-0.025948496535420418,-0.003621066454797983,-0.0399346761405468,-0.011267583817243576
821,65.0,0.00563812255859375,-0.025948496535420418,-0.003621066454797983,-0.0399346761405468,-0.011267583817243576
822,163.0,0.013741016387939453,-0.025948496535420418,-0.003621066454797983,-0.0399346761405468,-0.011267583817243576
823,112.0,0.00896596908569336,-0.025948496535420418,-0.003621066454797983,-0.0399346761405468,-0.011267583817243576
824,142.0,0.012792110443115234,-0.025948496535420418,-0.003621066454797983,-0.0399346761405468,-0.011267583817243576
825,72.0,0.006531953811645508,-0.025948496535420418,-0.003621066454797983,-0.0399346761405468,-0.011267583817243576
826,35.0,0.0036020278930664062,-0.025948496535420418,-0.003621066454797983,-0.0399346761405468,-0.011267583817243576
827,244.0,0.020700931549072266,-0.025948496535420418,-0.003621066454797983,-0.0399346761405468,-0.011267583817243576
828,78.0,0.006314992904663086,-0.025948496535420418,-0.003621066454797983,-0.0399346761405468,-0.011267583817243576
829,106.0,0.008493900299072266,-0.025948496535420418,-0.003621066454797983,-0.0399346761405468,-0.011267583817243576
830,215.0,0.017811059951782227,-0.025948496535420418,-0.003621066454797983,-0.0399346761405468,-0.011267583817243576
831,213.0,0.017439842224121094,-0.025948496535420418,-0.003621066454797983,-0.0399346761405468,-0.011267583817243576
832,41.0,0.0034360885620117188,-0.025948496535420418,-0.003621066454797983,-0.0399346761405468,-0.011267583817243576
833,137.0,0.01137399673461914,-0.025948496535420418,-0.003621066454797983,-0.0399346761405468,-0.011267583817243576
834,161.0,0.01355600357055664,-0.025948496535420418,-0.003621066454797983,-0.0399346761405468,-0.011267583817243576
835,132.0,0.01093912124633789,-0.025948496535420418,-0.003621066454797983,-0.0399346761405468,-0.011267583817243576
836,24.0,0.0025980472564697266,-0.025948496535420418,-0.003621066454797983,-0.0399346761405468,-0.011267583817243576
837,31.0,0.0027899742126464844,-0.025948496535420418,-0.003621066454797983,-0.0399346761405468,-0.011267583817243576
838,58.0,0.004878044128417969,-0.025948496535420418,-0.003621066454797983,-0.0399346761405468,-0.011267583817243576
839,151.0,0.012839317321777344,-0.025948496535420418,-0.003621066454797983,-0.0399346761405468,-0.011267583817243576
840,127.0,0.010715007781982422,-0.025948496535420418,-0.003621066454797983,-0.0399346761405468,-0.011267583817243576
841,31.0,0.002768993377685547,-0.025948496535420418,-0.003621066454797983,-0.0399346761405468,-0.011267583817243576
842,134.0,0.011282205581665039,-0.025948496535420418,-0.003621066454797983,-0.0399346761405468,-0.011267583817243576
843,56.0,0.0048389434814453125,-0.025948496535420418,-0.003621066454797983,-0.0399346761405468,-0.011267583817243576
844,55.0,0.004679203033447266,-0.025948496535420418,-0.003621066454797983,-0.0399346761405468,-0.011267583817243576
845,130.0,0.010751008987426758,-0.025948496535420418,-0.003621066454797983,-0.0399346761405468,-0.011267583817243576
846,166.0,0.013688087463378906,-0.025948496535420418,-0.003621066454797983,-0.0399346761405468,-0.011267583817243576
847,16.0,0.0015130043029785156,-0.025948496535420418,-0.003621066454797983,-0.0399346761405468,-0.011267583817243576
848,149.0,0.012431144714355469,-0.025948496535420418,-0.003621066454797983,-0.0399346761405468,-0.011267583817243576
849,146.0,0.012625932693481445,-0.025948496535420418,-0.003621066454797983,-0.0399346761405468,-0.011267583817243576
850,130.0,0.010680913925170898,-0.025948496535420418,-0.003621066454797983,-0.0399346761405468,-0.011267583817243576
851,75.0,0.006289958953857422,-0.025948496535420418,-0.003621066454797983,-0.0399346761405468,-0.011267583817243576
852,194.0,0.015985965728759766,-0.025948496535420418,-0.003621066454797983,-0.0399346761405468,-0.011267583817243576
853,161.0,0.01314997673034668,-0.025948496535420418,-0.003621066454797983,-0.0399346761405468,-0.011267583817243576
854,126.0,0.010434627532958984,-0.025948496535420418,-0.003621066454797983,-0.0399346761405468,-0.011267583817243576
855,117.0,0.009649991989135742,-0.025948496535420418,-0.003621066454797983,-0.0399346761405468,-0.011267583817243576
856,58.0,0.005584239959716797,-0.025948496535420418,-0.003621066454797983,-0.0399346761405468,-0.011267583817243576
857,128.0,0.01191401481628418,-0.025948496535420418,-0.003621066454797983,-0.0399346761405468,-0.011267583817243576
858,87.0,0.007763862609863281,-0.025948496535420418,-0.003621066454797983,-0.0399346761405468,-0.011267583817243576
859,108.0,0.00953984260559082,-0.025948496535420418,-0.003621066454797983,-0.0399346761405468,-0.011267583817243576
860,73.0,0.006392955780029297,-0.025948496535420418,-0.003621066454797983,-0.0399346761405468,-0.011267583817243576
861,84.0,0.0072481632232666016,-0.025948496535420418,-0.003621066454797983,-0.0399346761405468,-0.011267583817243576
862,35.0,0.0033729076385498047,-0.025948496535420418,-0.003621066454797983,-0.0399346761405468,-0.011267583817243576
863,85.0,0.0068819522857666016,-0.025948496535420418,-0.003621066454797983,-0.0399346761405468,-0.011267583817243576
864,69.0,0.00563502311706543,-0.025948496535420418,-0.003621066454797983,-0.0399346761405468,-0.011267583817243576
865,35.0,0.002960205078125,-0.025948496535420418,-0.003621066454797983,-0.0399346761405468,-0.011267583817243576
866,114.0,0.009608030319213867,-0.025948496535420418,-0.003621066454797983,-0.0399346761405468,-0.011267583817243576
867,77.0,0.006479024887084961,-0.025948496535420418,-0.003621066454797983,-0.0399346761405468,-0.011267583817243576
868,78.0,0.006512880325317383,-0.025948496535420418,-0.003621066454797983,-0.0399346761405468,-0.011267583817243576
869,94.0,0.00792074203491211,-0.025948496535420418,-0.003621066454797983,-0.0399346761405468,-0.011267583817243576
870,92.0,0.007731914520263672,-0.025948496535420418,-0.003621066454797983,-0.0399346761405468,-0.011267583817243576
871,85.0,0.007317066192626953,-0.025948496535420418,-0.003621066454797983,-0.0399346761405468,-0.011267583817243576
872,83.0,0.007145881652832031,-0.025948496535420418,-0.003621066454797983,-0.0399346761405468,-0.011267583817243576
873,21.0,0.002675771713256836,-0.025948496535420418,-0.003621066454797983,-0.0399346761405468,-0.011267583817243576
874,88.0,0.007314920425415039,0.03686201572418213,0.027364203706383705,0.00838997308164835,0.0005601921584457159
875,206.0,0.017768383026123047,0.03686201572418213,0.027364203706383705,0.00838997308164835,0.0005601921584457159
876,42.0,0.0035610198974609375,0.03686201572418213,0.027364203706383705,0.00838997308164835,0.0005601921584457159
877,203.0,0.016762256622314453,0.03686201572418213,0.027364203706383705,0.00838997308164835,0.0005601921584457159
878,257.0,0.02022099494934082,0.03686201572418213,0.027364203706383705,0.00838997308164835,0.0005601921584457159
879,115.0,0.009476184844970703,0.03686201572418213,0.027364203706383705,0.00838997308164835,0.0005601921584457159
880,126.0,0.010463953018188477,0.03686201572418213,0.027364203706383705,0.00838997308164835,0.0005601921584457159
881,119.0,0.010639190673828125,0.03686201572418213,0.027364203706383705,0.00838997308164835,0.0005601921584457159
882,44.0,0.003931999206542969,0.03686201572418213,0.027364203706383705,0.00838997308164835,0.0005601921584457159
883,70.0,0.005949735641479492,0.03686201572418213,0.027364203706383705,0.00838997308164835,0.0005601921584457159
884,84.0,0.007164955139160156,0.03686201572418213,0.027364203706383705,0.00838997308164835,0.0005601921584457159
885,96.0,0.008265018463134766,0.03686201572418213,0.027364203706383705,0.00838997308164835,0.0005601921584457159
886,77.0,0.006562232971191406,0.03686201572418213,0.027364203706383705,0.00838997308164835,0.0005601921584457159
887,70.0,0.00598907470703125,0.03686201572418213,0.027364203706383705,0.00838997308164835,0.0005601921584457159
888,68.0,0.005674123764038086,0.03686201572418213,0.027364203706383705,0.00838997308164835,0.0005601921584457159
889,89.0,0.007116079330444336,0.03686201572418213,0.027364203706383705,0.00838997308164835,0.0005601921584457159
890,87.0,0.007063627243041992,0.03686201572418213,0.027364203706383705,0.00838997308164835,0.0005601921584457159
891,33.0,0.0028040409088134766,0.03686201572418213,0.027364203706383705,0.00838997308164835,0.0005601921584457159
892,107.0,0.008944034576416016,0.03686201572418213,0.027364203706383705,0.00838997308164835,0.0005601921584457159
893,89.0,0.0077130794525146484,0.03686201572418213,0.027364203706383705,0.00838997308164835,0.0005601921584457159
894,79.0,0.006725788116455078,0.03686201572418213,0.027364203706383705,0.00838997308164835,0.0005601921584457159
895,72.0,0.005953788757324219,0.03686201572418213,0.027364203706383705,0.00838997308164835,0.0005601921584457159
896,68.0,0.0057108402252197266,0.03686201572418213,0.027364203706383705,0.00838997308164835,0.0005601921584457159
897,75.0,0.0061817169189453125,0.03686201572418213,0.027364203706383705,0.00838997308164835,0.0005601921584457159
898,261.0,0.02125716209411621,0.03686201572418213,0.027364203706383705,0.00838997308164835,0.0005601921584457159
899,51.0,0.004459857940673828,0.03686201572418213,0.027364203706383705,0.00838997308164835,0.0005601921584457159
900,67.0,0.005624055862426758,0.03686201572418213,0.027364203706383705,0.00838997308164835,0.0005601921584457159
901,117.0,0.009824037551879883,0.03686201572418213,0.027364203706383705,0.00838997308164835,0.0005601921584457159
902,74.0,0.006226062774658203,0.03686201572418213,0.027364203706383705,0.00838997308164835,0.0005601921584457159
903,63.0,0.005360126495361328,0.03686201572418213,0.027364203706383705,0.00838997308164835,0.0005601921584457159
904,80.0,0.007914066314697266,0.03686201572418213,0.027364203706383705,0.00838997308164835,0.0005601921584457159
905,87.0,0.007323741912841797,0.03686201572418213,0.027364203706383705,0.00838997308164835,0.0005601921584457159
906,61.0,0.00508427619934082,0.03686201572418213,0.027364203706383705,0.00838997308164835,0.0005601921584457159
907,71.0,0.005767822265625,0.03686201572418213,0.027364203706383705,0.00838997308164835,0.0005601921584457159
908,65.0,0.00527191162109375,0.03686201572418213,0.027364203706383705,0.00838997308164835,0.0005601921584457159
909,177.0,0.014562129974365234,0.03686201572418213,0.027364203706383705,0.00838997308164835,0.0005601921584457159
910,68.0,0.006000041961669922,0.03686201572418213,0.027364203706383705,0.00838997308164835,0.0005601921584457159
911,71.0,0.0059680938720703125,0.03686201572418213,0.027364203706383705,0.00838997308164835,0.0005601921584457159
912,53.0,0.004467010498046875,0.03686201572418213,0.027364203706383705,0.00838997308164835,0.0005601921584457159
913,62.0,0.005436897277832031,0.03686201572418213,0.027364203706383705,0.00838997308164835,0.0005601921584457159
914,70.0,0.005730152130126953,0.03686201572418213,0.027364203706383705,0.00838997308164835,0.0005601921584457159
915,61.0,0.005318880081176758,0.03686201572418213,0.027364203706383705,0.00838997308164835,0.0005601921584457159
916,69.0,0.005886077880859375,0.03686201572418213,0.027364203706383705,0.00838997308164835,0.0005601921584457159
917,62.0,0.005719184875488281,0.03686201572418213,0.027364203706383705,0.00838997308164835,0.0005601921584457159
918,67.0,0.005650043487548828,0.03686201572418213,0.027364203706383705,0.00838997308164835,0.0005601921584457159
919,88.0,0.007250308990478516,0.03686201572418213,0.027364203706383705,0.00838997308164835,0.0005601921584457159
920,71.0,0.005898952484130859,0.03686201572418213,0.027364203706383705,0.00838997308164835,0.0005601921584457159
921,75.0,0.00626826286315918,0.03686201572418213,0.027364203706383705,0.00838997308164835,0.0005601921584457159
922,61.0,0.005043983459472656,0.03686201572418213,0.027364203706383705,0.00838997308164835,0.0005601921584457159
923,21.0,0.0018601417541503906,0.03686201572418213,0.027364203706383705,0.00838997308164835,0.0005601921584457159
924,61.0,0.004967927932739258,0.03686201572418213,0.027364203706383705,0.00838997308164835,0.0005601921584457159
925,99.0,0.008142948150634766,0.03686201572418213,0.027364203706383705,0.00838997308164835,0.0005601921584457159
926,69.0,0.00570988655090332,0.03686201572418213,0.027364203706383705,0.00838997308164835,0.0005601921584457159
927,221.0,0.01776599884033203,0.03686201572418213,0.027364203706383705,0.00838997308164835,0.0005601921584457159
928,68.0,0.0055849552154541016,0.03686201572418213,0.027364203706383705,0.00838997308164835,0.0005601921584457159
929,109.0,0.009096384048461914,0.03686201572418213,0.027364203706383705,0.00838997308164835,0.0005601921584457159
930,43.0,0.0038089752197265625,0.03686201572418213,0.027364203706383705,0.00838997308164835,0.0005601921584457159
931,69.0,0.0062351226806640625,0.03686201572418213,0.027364203706383705,0.00838997308164835,0.0005601921584457159
932,68.0,0.005842924118041992,0.03686201572418213,0.027364203706383705,0.00838997308164835,0.0005601921584457159
933,74.0,0.006180286407470703,0.03686201572418213,0.027364203706383705,0.00838997308164835,0.0005601921584457159
934,70.0,0.0058841705322265625,0.03686201572418213,0.027364203706383705,0.00838997308164835,0.0005601921584457159
935,88.0,0.007507801055908203,0.03686201572418213,0.027364203706383705,0.00838997308164835,0.0005601921584457159
936,32.0,0.002788066864013672,0.03686201572418213,0.027364203706383705,0.00838997308164835,0.0005601921584457159
937,66.0,0.00569915771484375,0.03686201572418213,0.027364203706383705,0.00838997308164835,0.0005601921584457159
938,50.0,0.004292964935302734,0.03686201572418213,0.027364203706383705,0.00838997308164835,0.0005601921584457159
939,74.0,0.006143808364868164,0.03686201572418213,0.027364203706383705,0.00838997308164835,0.0005601921584457159
940,43.0,0.003652811050415039,0.03686201572418213,0.027364203706383705,0.00838997308164835,0.0005601921584457159
941,20.0,0.001783132553100586,0.03686201572418213,0.027364203706383705,0.00838997308164835,0.0005601921584457159
942,83.0,0.00680994987487793,0.03686201572418213,0.027364203706383705,0.00838997308164835,0.0005601921584457159
943,24.0,0.0021119117736816406,0.03686201572418213,0.027364203706383705,0.00838997308164835,0.0005601921584457159
944,69.0,0.005987882614135742,0.03686201572418213,0.027364203706383705,0.00838997308164835,0.0005601921584457159
945,69.0,0.00590205192565918,0.03686201572418213,0.027364203706383705,0.00838997308164835,0.0005601921584457159
946,61.0,0.005420207977294922,0.03686201572418213,0.027364203706383705,0.00838997308164835,0.0005601921584457159
947,76.0,0.006337881088256836,0.03686201572418213,0.027364203706383705,0.00838997308164835,0.0005601921584457159
948,69.0,0.006073951721191406,0.03686201572418213,0.027364203706383705,0.00838997308164835,0.0005601921584457159
949,59.0,0.004904270172119141,0.03686201572418213,0.027364203706383705,0.00838997308164835,0.0005601921584457159
950,69.0,0.005609989166259766,0.03686201572418213,0.027364203706383705,0.00838997308164835,0.0005601921584457159
951,71.0,0.005934953689575195,0.03686201572418213,0.027364203706383705,0.00838997308164835,0.0005601921584457159
952,65.0,0.00534820556640625,0.03686201572418213,0.027364203706383705,0.00838997308164835,0.0005601921584457159
953,67.0,0.0057222843170166016,0.03686201572418213,0.027364203706383705,0.00838997308164835,0.0005601921584457159
954,54.0,0.004450082778930664,0.03686201572418213,0.027364203706383705,0.00838997308164835,0.0005601921584457159
955,71.0,0.0061910152435302734,0.03686201572418213,0.027364203706383705,0.00838997308164835,0.0005601921584457159
956,71.0,0.005902767181396484,0.03686201572418213,0.027364203706383705,0.00838997308164835,0.0005601921584457159
957,68.0,0.005966901779174805,0.03686201572418213,0.027364203706383705,0.00838997308164835,0.0005601921584457159
958,28.0,0.002525806427001953,0.03686201572418213,0.027364203706383705,0.00838997308164835,0.0005601921584457159
959,141.0,0.011983871459960938,0.03686201572418213,0.027364203706383705,0.00838997308164835,0.0005601921584457159
960,72.0,0.0058689117431640625,0.03686201572418213,0.027364203706383705,0.00838997308164835,0.0005601921584457159
961,21.0,0.0022912025451660156,0.03686201572418213,0.027364203706383705,0.00838997308164835,0.0005601921584457159
962,43.0,0.003780841827392578,0.03686201572418213,0.027364203706383705,0.00838997308164835,0.0005601921584457159
963,60.0,0.005116939544677734,0.03686201572418213,0.027364203706383705,0.00838997308164835,0.0005601921584457159
964,68.0,0.00575709342956543,0.03686201572418213,0.027364203706383705,0.00838997308164835,0.0005601921584457159
965,63.0,0.005361080169677734,0.03686201572418213,0.027364203706383705,0.00838997308164835,0.0005601921584457159
966,65.0,0.0056591033935546875,0.03686201572418213,0.027364203706383705,0.00838997308164835,0.0005601921584457159
967,67.0,0.00567317008972168,0.03686201572418213,0.027364203706383705,0.00838997308164835,0.0005601921584457159
968,65.0,0.005525112152099609,0.03686201572418213,0.027364203706383705,0.00838997308164835,0.0005601921584457159
969,49.0,0.004115104675292969,0.03686201572418213,0.027364203706383705,0.00838997308164835,0.0005601921584457159
970,24.0,0.0023241043090820312,0.03686201572418213,0.027364203706383705,0.00838997308164835,0.0005601921584457159
971,24.0,0.0021619796752929688,0.03686201572418213,0.027364203706383705,0.00838997308164835,0.0005601921584457159
972,56.0,0.004843950271606445,0.03686201572418213,0.027364203706383705,0.00838997308164835,0.0005601921584457159
973,80.0,0.006768226623535156,0.03686201572418213,0.027364203706383705,0.00838997308164835,0.0005601921584457159
974,51.0,0.004349946975708008,0.03686201572418213,0.027364203706383705,0.00838997308164835,0.0005601921584457159
975,80.0,0.006722927093505859,0.03686201572418213,0.027364203706383705,0.00838997308164835,0.0005601921584457159
976,99.0,0.008374691009521484,0.03686201572418213,0.027364203706383705,0.00838997308164835,0.0005601921584457159
977,61.0,0.0051000118255615234,0.03686201572418213,0.027364203706383705,0.00838997308164835,0.0005601921584457159
978,167.0,0.013234138488769531,0.03686201572418213,0.027364203706383705,0.00838997308164835,0.0005601921584457159
979,58.0,0.0046689510345458984,0.03686201572418213,0.027364203706383705,0.00838997308164835,0.0005601921584457159
980,59.0,0.004914760589599609,0.03686201572418213,0.027364203706383705,0.00838997308164835,0.0005601921584457159
981,72.0,0.006067037582397461,0.03686201572418213,0.027364203706383705,0.00838997308164835,0.0005601921584457159
982,68.0,0.0054988861083984375,0.03686201572418213,0.027364203706383705,0.00838997308164835,0.0005601921584457159
983,50.0,0.004118919372558594,0.03686201572418213,0.027364203706383705,0.00838997308164835,0.0005601921584457159
984,182.0,0.014889240264892578,0.03686201572418213,0.027364203706383705,0.00838997308164835,0.0005601921584457159
985,68.0,0.006041288375854492,0.03686201572418213,0.027364203706383705,0.00838997308164835,0.0005601921584457159
986,66.0,0.005914211273193359,0.03686201572418213,0.027364203706383705,0.00838997308164835,0.0005601921584457159
987,192.0,0.016424894332885742,0.03686201572418213,0.027364203706383705,0.00838997308164835,0.0005601921584457159
988,70.0,0.005975961685180664,0.03686201572418213,0.027364203706383705,0.00838997308164835,0.0005601921584457159
989,80.0,0.006618022918701172,0.03686201572418213,0.027364203706383705,0.00838997308164835,0.0005601921584457159
990,65.0,0.00556492805480957,0.03686201572418213,0.027364203706383705,0.00838997308164835,0.0005601921584457159
991,64.0,0.0054700374603271484,0.03686201572418213,0.027364203706383705,0.00838997308164835,0.0005601921584457159
992,106.0,0.008872032165527344,0.03686201572418213,0.027364203706383705,0.00838997308164835,0.0005601921584457159
993,62.0,0.005288839340209961,0.03686201572418213,0.027364203706383705,0.00838997308164835,0.0005601921584457159
994,87.0,0.007734060287475586,0.03686201572418213,0.027364203706383705,0.00838997308164835,0.0005601921584457159
995,291.0,0.022934913635253906,0.03686201572418213,0.027364203706383705,0.00838997308164835,0.0005601921584457159
996,85.0,0.0068743228912353516,0.03686201572418213,0.027364203706383705,0.00838997308164835,0.0005601921584457159
997,74.0,0.006042957305908203,0.03686201572418213,0.027364203706383705,0.00838997308164835,0.0005601921584457159
998,49.0,0.0040209293365478516,0.03686201572418213,0.027364203706383705,0.00838997308164835,0.0005601921584457159
999,73.0,0.006139039993286133,0.03686201572418213,0.027364203706383705,0.00838997308164835,0.0005601921584457159
1000,72.0,0.005933046340942383,0.03686201572418213,0.027364203706383705,0.00838997308164835,0.0005601921584457159
1001,67.0,0.005600929260253906,0.03686201572418213,0.027364203706383705,0.00838997308164835,0.0005601921584457159
1002,86.0,0.006956815719604492,0.03686201572418213,0.027364203706383705,0.00838997308164835,0.0005601921584457159
1003,77.0,0.0061991214752197266,0.03686201572418213,0.027364203706383705,0.00838997308164835,0.0005601921584457159
1004,90.0,0.00765681266784668,0.03686201572418213,0.027364203706383705,0.00838997308164835,0.0005601921584457159
1005,71.0,0.006187915802001953,0.03686201572418213,0.027364203706383705,0.00838997308164835,0.0005601921584457159
1006,90.0,0.007489919662475586,0.03686201572418213,0.027364203706383705,0.00838997308164835,0.0005601921584457159
1007,210.0,0.016780853271484375,0.03686201572418213,0.027364203706383705,0.00838997308164835,0.0005601921584457159
1008,75.0,0.005973100662231445,0.03686201572418213,0.027364203706383705,0.00838997308164835,0.0005601921584457159
1009,98.0,0.007722139358520508,0.03686201572418213,0.027364203706383705,0.00838997308164835,0.0005601921584457159
1010,280.0,0.022009849548339844,0.03686201572418213,0.027364203706383705,0.00838997308164835,0.0005601921584457159
1011,21.0,0.0018811225891113281,0.03686201572418213,0.027364203706383705,0.00838997308164835,0.0005601921584457159
1012,86.0,0.0067729949951171875,0.03686201572418213,0.027364203706383705,0.00838997308164835,0.0005601921584457159
1013,87.0,0.006653785705566406,0.03686201572418213,0.027364203706383705,0.00838997308164835,0.0005601921584457159
1014,145.0,0.01120615005493164,0.03686201572418213,0.027364203706383705,0.00838997308164835,0.0005601921584457159
1015,99.0,0.007898092269897461,0.03686201572418213,0.027364203706383705,0.00838997308164835,0.0005601921584457159
1016,71.0,0.00576019287109375,0.03686201572418213,0.027364203706383705,0.00838997308164835,0.0005601921584457159
1017,70.0,0.006319284439086914,0.03686201572418213,0.027364203706383705,0.00838997308164835,0.0005601921584457159
1018,39.0,0.0033299922943115234,0.03480333462357521,-0.012282999232411385,0.04081883281469345,0.045499060302972794
1019,66.0,0.005587100982666016,0.03480333462357521,-0.012282999232411385,0.04081883281469345,0.045499060302972794
1020,66.0,0.005159139633178711,0.03480333462357521,-0.012282999232411385,0.04081883281469345,0.045499060302972794
1021,66.0,0.005384922027587891,0.03480333462357521,-0.012282999232411385,0.04081883281469345,0.045499060302972794
1022,67.0,0.0051991939544677734,0.03480333462357521,-0.012282999232411385,0.04081883281469345,0.045499060302972794
1023,41.0,0.0032570362091064453,0.03480333462357521,-0.012282999232411385,0.04081883281469345,0.045499060302972794
1024,80.0,0.0061092376708984375,0.03480333462357521,-0.012282999232411385,0.04081883281469345,0.045499060302972794
1025,59.0,0.004559993743896484,0.03480333462357521,-0.012282999232411385,0.04081883281469345,0.045499060302972794
1026,56.0,0.004393100738525391,0.03480333462357521,-0.012282999232411385,0.04081883281469345,0.045499060302972794
1027,38.0,0.003007173538208008,0.03480333462357521,-0.012282999232411385,0.04081883281469345,0.045499060302972794
1028,76.0,0.00609898567199707,0.03480333462357521,-0.012282999232411385,0.04081883281469345,0.045499060302972794
1029,39.0,0.0032682418823242188,0.03480333462357521,-0.012282999232411385,0.04081883281469345,0.045499060302972794
1030,69.0,0.005593299865722656,0.03480333462357521,-0.012282999232411385,0.04081883281469345,0.045499060302972794
1031,66.0,0.005328178405761719,0.03480333462357521,-0.012282999232411385,0.04081883281469345,0.045499060302972794
1032,77.0,0.006545066833496094,0.03480333462357521,-0.012282999232411385,0.04081883281469345,0.045499060302972794
1033,131.0,0.010210990905761719,0.03480333462357521,-0.012282999232411385,0.04081883281469345,0.045499060302972794
1034,56.0,0.0048902034759521484,0.03480333462357521,-0.012282999232411385,0.04081883281469345,0.045499060302972794
1035,100.0,0.007969141006469727,0.03480333462357521,-0.012282999232411385,0.04081883281469345,0.045499060302972794
1036,59.0,0.004781007766723633,0.03480333462357521,-0.012282999232411385,0.04081883281469345,0.045499060302972794
1037,81.0,0.006245136260986328,0.03480333462357521,-0.012282999232411385,0.04081883281469345,0.045499060302972794
1038,75.0,0.0058100223541259766,0.03480333462357521,-0.012282999232411385,0.04081883281469345,0.045499060302972794
1039,137.0,0.010877847671508789,0.03480333462357521,-0.012282999232411385,0.04081883281469345,0.045499060302972794
1040,59.0,0.004832029342651367,0.03480333462357521,-0.012282999232411385,0.04081883281469345,0.045499060302972794
1041,72.0,0.006206989288330078,0.03480333462357521,-0.012282999232411385,0.04081883281469345,0.045499060302972794
1042,264.0,0.021060943603515625,0.03480333462357521,-0.012282999232411385,0.04081883281469345,0.045499060302972794
1043,140.0,0.011159181594848633,0.03480333462357521,-0.012282999232411385,0.04081883281469345,0.045499060302972794
1044,229.0,0.0178830623626709,0.03480333462357521,-0.012282999232411385,0.04081883281469345,0.045499060302972794
1045,60.0,0.0047342777252197266,0.03480333462357521,-0.012282999232411385,0.04081883281469345,0.045499060302972794
1046,60.0,0.004781007766723633,0.03480333462357521,-0.012282999232411385,0.04081883281469345,0.045499060302972794
1047,33.0,0.0026988983154296875,0.03480333462357521,-0.012282999232411385,0.04081883281469345,0.045499060302972794
1048,169.0,0.012864828109741211,0.03480333462357521,-0.012282999232411385,0.04081883281469345,0.045499060302972794
1049,75.0,0.0062367916107177734,0.03480333462357521,-0.012282999232411385,0.04081883281469345,0.045499060302972794
1050,96.0,0.007447957992553711,0.03480333462357521,-0.012282999232411385,0.04081883281469345,0.045499060302972794
1051,82.0,0.006333112716674805,0.03480333462357521,-0.012282999232411385,0.04081883281469345,0.045499060302972794
1052,123.0,0.009449005126953125,0.03480333462357521,-0.012282999232411385,0.04081883281469345,0.045499060302972794
1053,246.0,0.01975560188293457,0.03480333462357521,-0.012282999232411385,0.04081883281469345,0.045499060302972794
1054,254.0,0.02001476287841797,0.03480333462357521,-0.012282999232411385,0.04081883281469345,0.045499060302972794
1055,414.0,0.032586097717285156,0.03480333462357521,-0.012282999232411385,0.04081883281469345,0.045499060302972794
1056,101.0,0.007980108261108398,0.03480333462357521,-0.012282999232411385,0.04081883281469345,0.045499060302972794
1057,68.0,0.005266904830932617,0.03480333462357521,-0.012282999232411385,0.04081883281469345,0.045499060302972794
1058,115.0,0.008762836456298828,0.03480333462357521,-0.012282999232411385,0.04081883281469345,0.045499060302972794
1059,82.0,0.006348133087158203,0.03480333462357521,-0.012282999232411385,0.04081883281469345,0.045499060302972794
1060,58.0,0.004524707794189453,0.03480333462357521,-0.012282999232411385,0.04081883281469345,0.045499060302972794
1061,241.0,0.01811814308166504,0.03480333462357521,-0.012282999232411385,0.04081883281469345,0.045499060302972794
1062,72.0,0.00555109977722168,0.03480333462357521,-0.012282999232411385,0.04081883281469345,0.045499060302972794
1063,99.0,0.007452964782714844,0.03480333462357521,-0.012282999232411385,0.04081883281469345,0.045499060302972794
1064,93.0,0.00716090202331543,0.03480333462357521,-0.012282999232411385,0.04081883281469345,0.045499060302972794
1065,287.0,0.022436141967773438,0.03480333462357521,-0.012282999232411385,0.04081883281469345,0.045499060302972794
1066,395.0,0.030876874923706055,0.03480333462357521,-0.012282999232411385,0.04081883281469345,0.045499060302972794
1067,226.0,0.017791032791137695,0.03480333462357521,-0.012282999232411385,0.04081883281469345,0.045499060302972794
1068,68.0,0.005209922790527344,0.03480333462357521,-0.012282999232411385,0.04081883281469345,0.045499060302972794
1069,445.0,0.03302884101867676,0.03480333462357521,-0.012282999232411385,0.04081883281469345,0.045499060302972794
1070,71.0,0.005485057830810547,0.03480333462357521,-0.012282999232411385,0.04081883281469345,0.045499060302972794
1071,142.0,0.01065683364868164,0.03480333462357521,-0.012282999232411385,0.04081883281469345,0.045499060302972794
1072,87.0,0.0068759918212890625,0.03480333462357521,-0.012282999232411385,0.04081883281469345,0.045499060302972794
1073,236.0,0.0182340145111084,0.03480333462357521,-0.012282999232411385,0.04081883281469345,0.045499060302972794
1074,72.0,0.005824089050292969,0.03480333462357521,-0.012282999232411385,0.04081883281469345,0.045499060302972794
1075,297.0,0.023407697677612305,0.03480333462357521,-0.012282999232411385,0.04081883281469345,0.045499060302972794
1076,78.0,0.006363868713378906,0.03480333462357521,-0.012282999232411385,0.04081883281469345,0.045499060302972794
1077,68.0,0.005770206451416016,0.03480333462357521,-0.012282999232411385,0.04081883281469345,0.045499060302972794
1078,156.0,0.012830018997192383,0.03480333462357521,-0.012282999232411385,0.04081883281469345,0.045499060302972794
1079,38.0,0.0032889842987060547,0.03480333462357521,-0.012282999232411385,0.04081883281469345,0.045499060302972794
1080,71.0,0.0056192874908447266,0.03480333462357521,-0.012282999232411385,0.04081883281469345,0.045499060302972794
1081,86.0,0.007093906402587891,0.03480333462357521,-0.012282999232411385,0.04081883281469345,0.045499060302972794
1082,147.0,0.01170802116394043,0.03480333462357521,-0.012282999232411385,0.04081883281469345,0.045499060302972794
1083,255.0,0.020154714584350586,0.03480333462357521,-0.012282999232411385,0.04081883281469345,0.045499060302972794
1084,45.0,0.0037419795989990234,0.03480333462357521,-0.012282999232411385,0.04081883281469345,0.045499060302972794
1085,251.0,0.019761323928833008,0.03480333462357521,-0.012282999232411385,0.04081883281469345,0.045499060302972794
1086,89.0,0.0072519779205322266,0.03480333462357521,-0.012282999232411385,0.04081883281469345,0.045499060302972794
1087,50.0,0.004102230072021484,0.03480333462357521,-0.012282999232411385,0.04081883281469345,0.045499060302972794
1088,187.0,0.015030145645141602,0.03480333462357521,-0.012282999232411385,0.04081883281469345,0.045499060302972794
1089,86.0,0.007036924362182617,0.03480333462357521,-0.012282999232411385,0.04081883281469345,0.045499060302972794
1090,58.0,0.005217075347900391,0.03480333462357521,-0.012282999232411385,0.04081883281469345,0.045499060302972794
1091,144.0,0.012484073638916016,0.03480333462357521,-0.012282999232411385,0.04081883281469345,0.045499060302972794
1092,139.0,0.011925935745239258,0.03480333462357521,-0.012282999232411385,0.04081883281469345,0.045499060302972794
1093,84.0,0.0065631866455078125,0.03480333462357521,-0.012282999232411385,0.04081883281469345,0.045499060302972794
1094,243.0,0.021279096603393555,0.03480333462357521,-0.012282999232411385,0.04081883281469345,0.045499060302972794
1095,80.0,0.00739288330078125,0.03480333462357521,-0.012282999232411385,0.04081883281469345,0.045499060302972794
1096,82.0,0.007879257202148438,0.03480333462357521,-0.012282999232411385,0.04081883281469345,0.045499060302972794
1097,168.0,0.014059782028198242,0.03480333462357521,-0.012282999232411385,0.04081883281469345,0.045499060302972794
1098,63.0,0.005257844924926758,0.03480333462357521,-0.012282999232411385,0.04081883281469345,0.045499060302972794
1099,214.0,0.01727890968322754,0.03480333462357521,-0.012282999232411385,0.04081883281469345,0.045499060302972794
1100,100.0,0.008408069610595703,0.03480333462357521,-0.012282999232411385,0.04081883281469345,0.045499060302972794
1101,76.0,0.006707906723022461,0.03480333462357521,-0.012282999232411385,0.04081883281469345,0.045499060302972794
1102,106.0,0.008527040481567383,0.03480333462357521,-0.012282999232411385,0.04081883281469345,0.045499060302972794
1103,73.0,0.006754159927368164,0.03480333462357521,-0.012282999232411385,0.04081883281469345,0.045499060302972794
1104,76.0,0.006074190139770508,0.03480333462357521,-0.012282999232411385,0.04081883281469345,0.045499060302972794
1105,58.0,0.004619121551513672,0.03480333462357521,-0.012282999232411385,0.04081883281469345,0.045499060302972794
1106,79.0,0.006333112716674805,0.03480333462357521,-0.012282999232411385,0.04081883281469345,0.045499060302972794
1107,82.0,0.006918907165527344,0.03480333462357521,-0.012282999232411385,0.04081883281469345,0.045499060302972794
1108,66.0,0.005432844161987305,0.03480333462357521,-0.012282999232411385,0.04081883281469345,0.045499060302972794
1109,95.0,0.008685111999511719,0.03480333462357521,-0.012282999232411385,0.04081883281469345,0.045499060302972794
1110,77.0,0.0064198970794677734,0.03480333462357521,-0.012282999232411385,0.04081883281469345,0.045499060302972794
1111,77.0,0.006682872772216797,0.03480333462357521,-0.012282999232411385,0.04081883281469345,0.045499060302972794
1112,30.0,0.002574920654296875,0.03480333462357521,-0.012282999232411385,0.04081883281469345,0.045499060302972794
1113,110.0,0.00873875617980957,0.03480333462357521,-0.012282999232411385,0.04081883281469345,0.045499060302972794
1114,91.0,0.007157087326049805,0.03480333462357521,-0.012282999232411385,0.04081883281469345,0.045499060302972794
1115,99.0,0.007773876190185547,0.03480333462357521,-0.012282999232411385,0.04081883281469345,0.045499060302972794
1116,316.0,0.025109052658081055,0.03480333462357521,-0.012282999232411385,0.04081883281469345,0.045499060302972794
1117,63.0,0.0048830509185791016,0.03480333462357521,-0.012282999232411385,0.04081883281469345,0.045499060302972794
1118,98.0,0.007472038269042969,0.03480333462357521,-0.012282999232411385,0.04081883281469345,0.045499060302972794
1119,55.0,0.004267215728759766,0.03480333462357521,-0.012282999232411385,0.04081883281469345,0.045499060302972794
1120,65.0,0.005056858062744141,0.03480333462357521,-0.012282999232411385,0.04081883281469345,0.045499060302972794
1121,91.0,0.00698399543762207,0.03480333462357521,-0.012282999232411385,0.04081883281469345,0.045499060302972794
1122,77.0,0.0064198970794677734,0.03480333462357521,-0.012282999232411385,0.04081883281469345,0.045499060302972794
1123,80.0,0.006395816802978516,0.03480333462357521,-0.012282999232411385,0.04081883281469345,0.045499060302972794
1124,65.0,0.00529026985168457,0.03480333462357521,-0.012282999232411385,0.04081883281469345,0.045499060302972794
1125,97.0,0.0078122615814208984,0.03480333462357521,-0.012282999232411385,0.04081883281469345,0.045499060302972794
1126,48.0,0.004343986511230469,0.03480333462357521,-0.012282999232411385,0.04081883281469345,0.045499060302972794
1127,236.0,0.018553972244262695,-0.03339516744017601,0.04915448650717735,-0.003457922488451004,-0.016022220253944397
1128,260.0,0.021223068237304688,-0.03339516744017601,0.04915448650717735,-0.003457922488451004,-0.016022220253944397
1129,44.0,0.003651142120361328,-0.03339516744017601,0.04915448650717735,-0.003457922488451004,-0.016022220253944397
1130,71.0,0.006051063537597656,-0.03339516744017601,0.04915448650717735,-0.003457922488451004,-0.016022220253944397
1131,163.0,0.013216018676757812,-0.03339516744017601,0.04915448650717735,-0.003457922488451004,-0.016022220253944397
1132,108.0,0.009320974349975586,-0.03339516744017601,0.04915448650717735,-0.003457922488451004,-0.016022220253944397
1133,144.0,0.011940956115722656,-0.03339516744017601,0.04915448650717735,-0.003457922488451004,-0.016022220253944397
1134,85.0,0.008539199829101562,-0.03339516744017601,0.04915448650717735,-0.003457922488451004,-0.016022220253944397
1135,242.0,0.019966840744018555,-0.03339516744017601,0.04915448650717735,-0.003457922488451004,-0.016022220253944397
1136,41.0,0.0033369064331054688,-0.03339516744017601,0.04915448650717735,-0.003457922488451004,-0.016022220253944397
1137,98.0,0.008291244506835938,-0.03339516744017601,0.04915448650717735,-0.003457922488451004,-0.016022220253944397
1138,69.0,0.0064351558685302734,-0.03339516744017601,0.04915448650717735,-0.003457922488451004,-0.016022220253944397
1139,105.0,0.008924007415771484,-0.03339516744017601,0.04915448650717735,-0.003457922488451004,-0.016022220253944397
1140,245.0,0.019849300384521484,-0.03339516744017601,0.04915448650717735,-0.003457922488451004,-0.016022220253944397
1141,74.0,0.005825996398925781,-0.03339516744017601,0.04915448650717735,-0.003457922488451004,-0.016022220253944397
1142,105.0,0.008700847625732422,-0.03339516744017601,0.04915448650717735,-0.003457922488451004,-0.016022220253944397
1143,120.0,0.010130167007446289,-0.03339516744017601,0.04915448650717735,-0.003457922488451004,-0.016022220253944397
1144,110.0,0.009186029434204102,-0.03339516744017601,0.04915448650717735,-0.003457922488451004,-0.016022220253944397
1145,126.0,0.010340690612792969,-0.03339516744017601,0.04915448650717735,-0.003457922488451004,-0.016022220253944397
1146,127.0,0.01058197021484375,-0.03339516744017601,0.04915448650717735,-0.003457922488451004,-0.016022220253944397
1147,258.0,0.02056598663330078,-0.03339516744017601,0.04915448650717735,-0.003457922488451004,-0.016022220253944397
1148,124.0,0.009658098220825195,-0.03339516744017601,0.04915448650717735,-0.003457922488451004,-0.016022220253944397
1149,99.0,0.008169889450073242,-0.03339516744017601,0.04915448650717735,-0.003457922488451004,-0.016022220253944397
1150,124.0,0.010535001754760742,-0.03339516744017601,0.04915448650717735,-0.003457922488451004,-0.016022220253944397
1151,109.0,0.00968480110168457,-0.03339516744017601,0.04915448650717735,-0.003457922488451004,-0.016022220253944397
1152,132.0,0.010505914688110352,-0.03339516744017601,0.04915448650717735,-0.003457922488451004,-0.016022220253944397
1153,121.0,0.01005101203918457,-0.03339516744017601,0.04915448650717735,-0.003457922488451004,-0.016022220253944397
1154,160.0,0.013180971145629883,-0.03339516744017601,0.04915448650717735,-0.003457922488451004,-0.016022220253944397
1155,120.0,0.010248184204101562,-0.03339516744017601,0.04915448650717735,-0.003457922488451004,-0.016022220253944397
1156,191.0,0.015810251235961914,-0.03339516744017601,0.04915448650717735,-0.003457922488451004,-0.016022220253944397
1157,107.0,0.00868988037109375,-0.03339516744017601,0.04915448650717735,-0.003457922488451004,-0.016022220253944397
1158,109.0,0.008522987365722656,-0.03339516744017601,0.04915448650717735,-0.003457922488451004,-0.016022220253944397
1159,121.0,0.00935506820678711,-0.03339516744017601,0.04915448650717735,-0.003457922488451004,-0.016022220253944397
1160,96.0,0.0076751708984375,-0.03339516744017601,0.04915448650717735,-0.003457922488451004,-0.016022220253944397
1161,158.0,0.012358903884887695,-0.03339516744017601,0.04915448650717735,-0.003457922488451004,-0.016022220253944397
1162,417.0,0.0332791805267334,-0.03339516744017601,0.04915448650717735,-0.003457922488451004,-0.016022220253944397
1163,162.0,0.01277303695678711,-0.03339516744017601,0.04915448650717735,-0.003457922488451004,-0.016022220253944397
1164,137.0,0.010389089584350586,-0.03339516744017601,0.04915448650717735,-0.003457922488451004,-0.016022220253944397
1165,496.0,0.03954625129699707,-0.03339516744017601,0.04915448650717735,-0.003457922488451004,-0.016022220253944397
1166,102.0,0.007877826690673828,-0.03339516744017601,0.04915448650717735,-0.003457922488451004,-0.016022220253944397
1167,126.0,0.009868144989013672,-0.03339516744017601,0.04915448650717735,-0.003457922488451004,-0.016022220253944397
1168,162.0,0.013370752334594727,-0.03339516744017601,0.04915448650717735,-0.003457922488451004,-0.016022220253944397
1169,131.0,0.011416196823120117,-0.03339516744017601,0.04915448650717735,-0.003457922488451004,-0.016022220253944397
1170,180.0,0.014549016952514648,-0.03339516744017601,0.04915448650717735,-0.003457922488451004,-0.016022220253944397
1171,52.0,0.0045833587646484375,-0.03339516744017601,0.04915448650717735,-0.003457922488451004,-0.016022220253944397
1172,164.0,0.014087915420532227,-0.03339516744017601,0.04915448650717735,-0.003457922488451004,-0.016022220253944397
1173,126.0,0.010775089263916016,-0.03339516744017601,0.04915448650717735,-0.003457922488451004,-0.016022220253944397
1174,124.0,0.009738922119140625,-0.03339516744017601,0.04915448650717735,-0.003457922488451004,-0.016022220253944397
1175,208.0,0.017475128173828125,-0.03339516744017601,0.04915448650717735,-0.003457922488451004,-0.016022220253944397
1176,137.0,0.010434865951538086,-0.03339516744017601,0.04915448650717735,-0.003457922488451004,-0.016022220253944397
1177,124.0,0.009948253631591797,-0.03339516744017601,0.04915448650717735,-0.003457922488451004,-0.016022220253944397
1178,122.0,0.010109901428222656,-0.03339516744017601,0.04915448650717735,-0.003457922488451004,-0.016022220253944397
1179,212.0,0.01784515380859375,-0.03339516744017601,0.04915448650717735,-0.003457922488451004,-0.016022220253944397
1180,120.0,0.010107994079589844,-0.03339516744017601,0.04915448650717735,-0.003457922488451004,-0.016022220253944397
1181,127.0,0.010331869125366211,-0.03339516744017601,0.04915448650717735,-0.003457922488451004,-0.016022220253944397
1182,123.0,0.010703086853027344,-0.03339516744017601,0.04915448650717735,-0.003457922488451004,-0.016022220253944397
1183,500.0,0.0404050350189209,-0.03339516744017601,0.04915448650717735,-0.003457922488451004,-0.016022220253944397
1184,477.0,0.03849387168884277,-0.03339516744017601,0.04915448650717735,-0.003457922488451004,-0.016022220253944397
1185,312.0,0.02501368522644043,-0.03339516744017601,0.04915448650717735,-0.003457922488451004,-0.016022220253944397
1186,500.0,0.040442705154418945,-0.03339516744017601,0.04915448650717735,-0.003457922488451004,-0.016022220253944397
1187,151.0,0.011755943298339844,-0.03339516744017601,0.04915448650717735,-0.003457922488451004,-0.016022220253944397
1188,137.0,0.010673046112060547,-0.03339516744017601,0.04915448650717735,-0.003457922488451004,-0.016022220253944397
1189,128.0,0.01057124137878418,-0.03339516744017601,0.04915448650717735,-0.003457922488451004,-0.016022220253944397
1190,198.0,0.017632007598876953,-0.03339516744017601,0.04915448650717735,-0.003457922488451004,-0.016022220253944397
1191,101.0,0.009289026260375977,-0.03339516744017601,0.04915448650717735,-0.003457922488451004,-0.016022220253944397
1192,121.0,0.009171009063720703,-0.03339516744017601,0.04915448650717735,-0.003457922488451004,-0.016022220253944397
1193,154.0,0.012051105499267578,-0.03339516744017601,0.04915448650717735,-0.003457922488451004,-0.016022220253944397
1194,205.0,0.016023874282836914,-0.03339516744017601,0.04915448650717735,-0.003457922488451004,-0.016022220253944397
1195,500.0,0.03817009925842285,-0.03339516744017601,0.04915448650717735,-0.003457922488451004,-0.016022220253944397
1196,148.0,0.01246023178100586,-0.03339516744017601,0.04915448650717735,-0.003457922488451004,-0.016022220253944397
1197,222.0,0.018259048461914062,-0.03339516744017601,0.04915448650717735,-0.003457922488451004,-0.016022220253944397
1198,115.0,0.008723020553588867,-0.03339516744017601,0.04915448650717735,-0.003457922488451004,-0.016022220253944397
1199,161.0,0.014553070068359375,-0.03339516744017601,0.04915448650717735,-0.003457922488451004,-0.016022220253944397
1200,171.0,0.013314247131347656,-0.03339516744017601,0.04915448650717735,-0.003457922488451004,-0.016022220253944397
1201,500.0,0.04573798179626465,-0.0475933812558651,0.0371120348572731,-0.004772617947310209,-0.03320333734154701
1202,247.0,0.01970982551574707,-0.0475933812558651,0.0371120348572731,-0.004772617947310209,-0.03320333734154701
1203,434.0,0.03340482711791992,-0.0475933812558651,0.0371120348572731,-0.004772617947310209,-0.03320333734154701
1204,185.0,0.015790939331054688,-0.0475933812558651,0.0371120348572731,-0.004772617947310209,-0.03320333734154701
1205,500.0,0.042984962463378906,-0.0475933812558651,0.0371120348572731,-0.004772617947310209,-0.03320333734154701
1206,500.0,0.04013204574584961,-0.0475933812558651,0.0371120348572731,-0.004772617947310209,-0.03320333734154701
1207,197.0,0.015629053115844727,-0.0475933812558651,0.0371120348572731,-0.004772617947310209,-0.03320333734154701
1208,337.0,0.025970935821533203,-0.0475933812558651,0.0371120348572731,-0.004772617947310209,-0.03320333734154701
1209,500.0,0.04478907585144043,-0.0475933812558651,0.0371120348572731,-0.004772617947310209,-0.03320333734154701
1210,500.0,0.04844999313354492,-0.0475933812558651,0.0371120348572731,-0.004772617947310209,-0.03320333734154701
1211,500.0,0.04289388656616211,-0.0475933812558651,0.0371120348572731,-0.004772617947310209,-0.03320333734154701
1212,134.0,0.011924982070922852,-0.0475933812558651,0.0371120348572731,-0.004772617947310209,-0.03320333734154701
1213,307.0,0.027241230010986328,-0.0475933812558651,0.0371120348572731,-0.004772617947310209,-0.03320333734154701
1214,187.0,0.014611959457397461,-0.0475933812558651,0.0371120348572731,-0.004772617947310209,-0.03320333734154701
1215,500.0,0.036843061447143555,-0.0475933812558651,0.0371120348572731,-0.004772617947310209,-0.03320333734154701
1216,500.0,0.03744912147521973,-0.0475933812558651,0.0371120348572731,-0.004772617947310209,-0.03320333734154701
1217,410.0,0.030147790908813477,-0.0475933812558651,0.0371120348572731,-0.004772617947310209,-0.03320333734154701
1218,500.0,0.038970947265625,-0.0475933812558651,0.0371120348572731,-0.004772617947310209,-0.03320333734154701
1219,252.0,0.020255327224731445,-0.0475933812558651,0.0371120348572731,-0.004772617947310209,-0.03320333734154701
1220,500.0,0.038407087326049805,-0.0475933812558651,0.0371120348572731,-0.004772617947310209,-0.03320333734154701
1221,500.0,0.041738033294677734,-0.0475933812558651,0.0371120348572731,-0.004772617947310209,-0.03320333734154701
1222,500.0,0.04234910011291504,-0.0475933812558651,0.0371120348572731,-0.004772617947310209,-0.03320333734154701
1223,192.0,0.015007257461547852,-0.0475933812558651,0.0371120348572731,-0.004772617947310209,-0.03320333734154701
1224,441.0,0.03169894218444824,-0.0475933812558651,0.0371120348572731,-0.004772617947310209,-0.03320333734154701
1225,303.0,0.02459120750427246,-0.0475933812558651,0.0371120348572731,-0.004772617947310209,-0.03320333734154701
1226,58.0,0.004753828048706055,-0.0475933812558651,0.0371120348572731,-0.004772617947310209,-0.03320333734154701
1227,58.0,0.004325151443481445,-0.0475933812558651,0.0371120348572731,-0.004772617947310209,-0.03320333734154701
1228,77.0,0.006339073181152344,-0.0475933812558651,0.0371120348572731,-0.004772617947310209,-0.03320333734154701
1229,498.0,0.03822207450866699,-0.0475933812558651,0.0371120348572731,-0.004772617947310209,-0.03320333734154701
1230,389.0,0.02939319610595703,-0.0475933812558651,0.0371120348572731,-0.004772617947310209,-0.03320333734154701
1231,390.0,0.02861189842224121,-0.0475933812558651,0.0371120348572731,-0.004772617947310209,-0.03320333734154701
1232,160.0,0.01153874397277832,-0.0475933812558651,0.0371120348572731,-0.004772617947310209,-0.03320333734154701
1233,500.0,0.0378260612487793,-0.0475933812558651,0.0371120348572731,-0.004772617947310209,-0.03320333734154701
1234,307.0,0.02336883544921875,-0.0475933812558651,0.0371120348572731,-0.004772617947310209,-0.03320333734154701
1235,120.0,0.01019906997680664,-0.0475933812558651,0.0371120348572731,-0.004772617947310209,-0.03320333734154701
1236,266.0,0.019710302352905273,-0.0475933812558651,0.0371120348572731,-0.004772617947310209,-0.03320333734154701
1237,34.0,0.0030159950256347656,-0.020678281784057617,-0.02999570220708847,-0.04573269933462143,-0.005323315970599651
1238,33.0,0.0026140213012695312,-0.020678281784057617,-0.02999570220708847,-0.04573269933462143,-0.005323315970599651
1239,26.0,0.002271890640258789,-0.020678281784057617,-0.02999570220708847,-0.04573269933462143,-0.005323315970599651
1240,45.0,0.0036468505859375,-0.020678281784057617,-0.02999570220708847,-0.04573269933462143,-0.005323315970599651
1241,24.0,0.0019221305847167969,-0.020678281784057617,-0.02999570220708847,-0.04573269933462143,-0.005323315970599651
1242,33.0,0.003175973892211914,-0.020678281784057617,-0.02999570220708847,-0.04573269933462143,-0.005323315970599651
1243,26.0,0.0029518604278564453,-0.020678281784057617,-0.02999570220708847,-0.04573269933462143,-0.005323315970599651
1244,33.0,0.002627849578857422,-0.020678281784057617,-0.02999570220708847,-0.04573269933462143,-0.005323315970599651
1245,33.0,0.0025780200958251953,-0.020678281784057617,-0.02999570220708847,-0.04573269933462143,-0.005323315970599651
1246,32.0,0.002599000930786133,-0.020678281784057617,-0.02999570220708847,-0.04573269933462143,-0.005323315970599651
1247,33.0,0.002557039260864258,-0.020678281784057617,-0.02999570220708847,-0.04573269933462143,-0.005323315970599651
1248,41.0,0.0032129287719726562,-0.020678281784057617,-0.02999570220708847,-0.04573269933462143,-0.005323315970599651
1249,33.0,0.0029850006103515625,-0.020678281784057617,-0.02999570220708847,-0.04573269933462143,-0.005323315970599651
1250,37.0,0.0031561851501464844,-0.020678281784057617,-0.02999570220708847,-0.04573269933462143,-0.005323315970599651
1251,22.0,0.0030341148376464844,-0.020678281784057617,-0.02999570220708847,-0.04573269933462143,-0.005323315970599651
1252,45.0,0.0037140846252441406,-0.020678281784057617,-0.02999570220708847,-0.04573269933462143,-0.005323315970599651
1253,40.0,0.0030570030212402344,-0.020678281784057617,-0.02999570220708847,-0.04573269933462143,-0.005323315970599651
1254,33.0,0.004375934600830078,-0.020678281784057617,-0.02999570220708847,-0.04573269933462143,-0.005323315970599651
1255,33.0,0.002640247344970703,-0.020678281784057617,-0.02999570220708847,-0.04573269933462143,-0.005323315970599651
1256,34.0,0.0028839111328125,-0.020678281784057617,-0.02999570220708847,-0.04573269933462143,-0.005323315970599651
1257,51.0,0.0077970027923583984,-0.020678281784057617,-0.02999570220708847,-0.04573269933462143,-0.005323315970599651
1258,26.0,0.0025599002838134766,-0.020678281784057617,-0.02999570220708847,-0.04573269933462143,-0.005323315970599651
1259,31.0,0.002621889114379883,-0.020678281784057617,-0.02999570220708847,-0.04573269933462143,-0.005323315970599651
1260,40.0,0.003324270248413086,-0.020678281784057617,-0.02999570220708847,-0.04573269933462143,-0.005323315970599651
1261,33.0,0.0026268959045410156,-0.020678281784057617,-0.02999570220708847,-0.04573269933462143,-0.005323315970599651
1262,58.0,0.005360126495361328,-0.020678281784057617,-0.02999570220708847,-0.04573269933462143,-0.005323315970599651
1263,33.0,0.0028679370880126953,-0.020678281784057617,-0.02999570220708847,-0.04573269933462143,-0.005323315970599651
1264,41.0,0.003112316131591797,-0.020678281784057617,-0.02999570220708847,-0.04573269933462143,-0.005323315970599651
1265,41.0,0.0035848617553710938,-0.020678281784057617,-0.02999570220708847,-0.04573269933462143,-0.005323315970599651
1266,37.0,0.002833127975463867,-0.020678281784057617,-0.02999570220708847,-0.04573269933462143,-0.005323315970599651
1267,33.0,0.0028579235076904297,-0.020678281784057617,-0.02999570220708847,-0.04573269933462143,-0.005323315970599651
1268,29.0,0.0027289390563964844,-0.020678281784057617,-0.02999570220708847,-0.04573269933462143,-0.005323315970599651
1269,45.0,0.003403186798095703,-0.020678281784057617,-0.02999570220708847,-0.04573269933462143,-0.005323315970599651
1270,33.0,0.002577066421508789,-0.020678281784057617,-0.02999570220708847,-0.04573269933462143,-0.005323315970599651
1271,33.0,0.0025260448455810547,-0.020678281784057617,-0.02999570220708847,-0.04573269933462143,-0.005323315970599651
1272,28.0,0.002165079116821289,-0.020678281784057617,-0.02999570220708847,-0.04573269933462143,-0.005323315970599651
1273,17.0,0.0014011859893798828,-0.020678281784057617,-0.02999570220708847,-0.04573269933462143,-0.005323315970599651
1274,33.0,0.0031478404998779297,-0.020678281784057617,-0.02999570220708847,-0.04573269933462143,-0.005323315970599651
1275,33.0,0.0027413368225097656,-0.020678281784057617,-0.02999570220708847,-0.04573269933462143,-0.005323315970599651
1276,19.0,0.0016219615936279297,-0.020678281784057617,-0.02999570220708847,-0.04573269933462143,-0.005323315970599651
1277,38.0,0.0029501914978027344,-0.020678281784057617,-0.02999570220708847,-0.04573269933462143,-0.005323315970599651
1278,33.0,0.002568960189819336,-0.020678281784057617,-0.02999570220708847,-0.04573269933462143,-0.005323315970599651
1279,29.0,0.002260923385620117,-0.020678281784057617,-0.02999570220708847,-0.04573269933462143,-0.005323315970599651
1280,33.0,0.0025739669799804688,-0.020678281784057617,-0.02999570220708847,-0.04573269933462143,-0.005323315970599651
1281,19.0,0.002117156982421875,-0.020678281784057617,-0.02999570220708847,-0.04573269933462143,-0.005323315970599651
1282,33.0,0.0025849342346191406,-0.020678281784057617,-0.02999570220708847,-0.04573269933462143,-0.005323315970599651
1283,45.0,0.003434896469116211,-0.020678281784057617,-0.02999570220708847,-0.04573269933462143,-0.005323315970599651
1284,50.0,0.004027128219604492,-0.020678281784057617,-0.02999570220708847,-0.04573269933462143,-0.005323315970599651
1285,33.0,0.0025811195373535156,-0.020678281784057617,-0.02999570220708847,-0.04573269933462143,-0.005323315970599651
1286,33.0,0.0031778812408447266,-0.020678281784057617,-0.02999570220708847,-0.04573269933462143,-0.005323315970599651
1287,33.0,0.002601146697998047,-0.020678281784057617,-0.02999570220708847,-0.04573269933462143,-0.005323315970599651
1288,33.0,0.0027129650115966797,-0.020678281784057617,-0.02999570220708847,-0.04573269933462143,-0.005323315970599651
1289,31.0,0.0024499893188476562,-0.020678281784057617,-0.02999570220708847,-0.04573269933462143,-0.005323315970599651
1290,33.0,0.0025589466094970703,-0.020678281784057617,-0.02999570220708847,-0.04573269933462143,-0.005323315970599651
1291,33.0,0.0025479793548583984,-0.020678281784057617,-0.02999570220708847,-0.04573269933462143,-0.005323315970599651
1292,50.0,0.004523038864135742,-0.020678281784057617,-0.02999570220708847,-0.04573269933462143,-0.005323315970599651
1293,33.0,0.003192901611328125,-0.020678281784057617,-0.02999570220708847,-0.04573269933462143,-0.005323315970599651
1294,33.0,0.002758026123046875,-0.020678281784057617,-0.02999570220708847,-0.04573269933462143,-0.005323315970599651
1295,33.0,0.0028200149536132812,-0.020678281784057617,-0.02999570220708847,-0.04573269933462143,-0.005323315970599651
1296,45.0,0.0035409927368164062,-0.020678281784057617,-0.02999570220708847,-0.04573269933462143,-0.005323315970599651
1297,33.0,0.0029649734497070312,-0.020678281784057617,-0.02999570220708847,-0.04573269933462143,-0.005323315970599651
1298,32.0,0.002572774887084961,-0.020678281784057617,-0.02999570220708847,-0.04573269933462143,-0.005323315970599651
1299,33.0,0.002850055694580078,-0.020678281784057617,-0.02999570220708847,-0.04573269933462143,-0.005323315970599651
1300,33.0,0.0034818649291992188,-0.020678281784057617,-0.02999570220708847,-0.04573269933462143,-0.005323315970599651
1301,34.0,0.0027048587799072266,-0.020678281784057617,-0.02999570220708847,-0.04573269933462143,-0.005323315970599651
1302,33.0,0.0027518272399902344,-0.020678281784057617,-0.02999570220708847,-0.04573269933462143,-0.005323315970599651
1303,26.0,0.0026438236236572266,-0.020678281784057617,-0.02999570220708847,-0.04573269933462143,-0.005323315970599651
1304,19.0,0.0015780925750732422,-0.020678281784057617,-0.02999570220708847,-0.04573269933462143,-0.005323315970599651
1305,77.0,0.005987882614135742,-0.020678281784057617,-0.02999570220708847,-0.04573269933462143,-0.005323315970599651
1306,33.0,0.0027129650115966797,-0.020678281784057617,-0.02999570220708847,-0.04573269933462143,-0.005323315970599651
1307,33.0,0.0028579235076904297,-0.020678281784057617,-0.02999570220708847,-0.04573269933462143,-0.005323315970599651
1308,33.0,0.0031800270080566406,-0.020678281784057617,-0.02999570220708847,-0.04573269933462143,-0.005323315970599651
1309,33.0,0.0031151771545410156,-0.020678281784057617,-0.02999570220708847,-0.04573269933462143,-0.005323315970599651
1310,33.0,0.002672910690307617,-0.020678281784057617,-0.02999570220708847,-0.04573269933462143,-0.005323315970599651
1311,47.0,0.0036773681640625,-0.020678281784057617,-0.02999570220708847,-0.04573269933462143,-0.005323315970599651
1312,33.0,0.002649068832397461,-0.020678281784057617,-0.02999570220708847,-0.04573269933462143,-0.005323315970599651
1313,29.0,0.0026421546936035156,-0.020678281784057617,-0.02999570220708847,-0.04573269933462143,-0.005323315970599651
1314,19.0,0.0021190643310546875,-0.020678281784057617,-0.02999570220708847,-0.04573269933462143,-0.005323315970599651
1315,33.0,0.002643108367919922,-0.020678281784057617,-0.02999570220708847,-0.04573269933462143,-0.005323315970599651
1316,33.0,0.002610921859741211,-0.020678281784057617,-0.02999570220708847,-0.04573269933462143,-0.005323315970599651
1317,33.0,0.0027740001678466797,-0.020678281784057617,-0.02999570220708847,-0.04573269933462143,-0.005323315970599651
1318,21.0,0.0017099380493164062,-0.020678281784057617,-0.02999570220708847,-0.04573269933462143,-0.005323315970599651
1319,26.0,0.002020120620727539,-0.020678281784057617,-0.02999570220708847,-0.04573269933462143,-0.005323315970599651
1320,33.0,0.0029060840606689453,-0.020678281784057617,-0.02999570220708847,-0.04573269933462143,-0.005323315970599651
1321,33.0,0.002652883529663086,-0.020678281784057617,-0.02999570220708847,-0.04573269933462143,-0.005323315970599651
1322,40.0,0.003134012222290039,-0.020678281784057617,-0.02999570220708847,-0.04573269933462143,-0.005323315970599651
1323,21.0,0.0017430782318115234,-0.020678281784057617,-0.02999570220708847,-0.04573269933462143,-0.005323315970599651
1324,45.0,0.003498077392578125,-0.020678281784057617,-0.02999570220708847,-0.04573269933462143,-0.005323315970599651
1325,33.0,0.002630949020385742,-0.020678281784057617,-0.02999570220708847,-0.04573269933462143,-0.005323315970599651
1326,33.0,0.0026056766510009766,-0.020678281784057617,-0.02999570220708847,-0.04573269933462143,-0.005323315970599651
1327,40.0,0.0031528472900390625,-0.020678281784057617,-0.02999570220708847,-0.04573269933462143,-0.005323315970599651
1328,40.0,0.0031528472900390625,-0.020678281784057617,-0.02999570220708847,-0.04573269933462143,-0.005323315970599651
1329,30.0,0.0025479793548583984,-0.020678281784057617,-0.02999570220708847,-0.04573269933462143,-0.005323315970599651
1330,26.0,0.0021398067474365234,-0.020678281784057617,-0.02999570220708847,-0.04573269933462143,-0.005323315970599651
1331,33.0,0.003185272216796875,-0.020678281784057617,-0.02999570220708847,-0.04573269933462143,-0.005323315970599651
1332,24.0,0.002245187759399414,-0.020678281784057617,-0.02999570220708847,-0.04573269933462143,-0.005323315970599651
1333,24.0,0.0022308826446533203,-0.020678281784057617,-0.02999570220708847,-0.04573269933462143,-0.005323315970599651
1334,33.0,0.0027892589569091797,-0.020678281784057617,-0.02999570220708847,-0.04573269933462143,-0.005323315970599651
1335,33.0,0.003403902053833008,-0.020678281784057617,-0.02999570220708847,-0.04573269933462143,-0.005323315970599651
1336,39.0,0.00322723388671875,-0.020678281784057617,-0.02999570220708847,-0.04573269933462143,-0.005323315970599651
1337,33.0,0.0025739669799804688,-0.020678281784057617,-0.02999570220708847,-0.04573269933462143,-0.005323315970599651
1338,22.0,0.002726316452026367,-0.020678281784057617,-0.02999570220708847,-0.04573269933462143,-0.005323315970599651
1339,53.0,0.0050318241119384766,-0.020678281784057617,-0.02999570220708847,-0.04573269933462143,-0.005323315970599651
1340,33.0,0.003059864044189453,-0.020678281784057617,-0.02999570220708847,-0.04573269933462143,-0.005323315970599651
1341,33.0,0.002741098403930664,-0.020678281784057617,-0.02999570220708847,-0.04573269933462143,-0.005323315970599651
1342,33.0,0.0025568008422851562,-0.020678281784057617,-0.02999570220708847,-0.04573269933462143,-0.005323315970599651
1343,41.0,0.0035278797149658203,-0.020678281784057617,-0.02999570220708847,-0.04573269933462143,-0.005323315970599651
1344,19.0,0.002020120620727539,-0.020678281784057617,-0.02999570220708847,-0.04573269933462143,-0.005323315970599651
1345,24.0,0.0020029544830322266,-0.020678281784057617,-0.02999570220708847,-0.04573269933462143,-0.005323315970599651
1346,53.0,0.004689931869506836,-0.020678281784057617,-0.02999570220708847,-0.04573269933462143,-0.005323315970599651
1347,33.0,0.0025408267974853516,-0.020678281784057617,-0.02999570220708847,-0.04573269933462143,-0.005323315970599651
1348,21.0,0.0019121170043945312,-0.020678281784057617,-0.02999570220708847,-0.04573269933462143,-0.005323315970599651
1349,45.0,0.0042858123779296875,-0.020678281784057617,-0.02999570220708847,-0.04573269933462143,-0.005323315970599651
1350,26.0,0.002608776092529297,-0.020678281784057617,-0.02999570220708847,-0.04573269933462143,-0.005323315970599651
1351,33.0,0.003298044204711914,-0.020678281784057617,-0.02999570220708847,-0.04573269933462143,-0.005323315970599651
1352,33.0,0.002778768539428711,-0.020678281784057617,-0.02999570220708847,-0.04573269933462143,-0.005323315970599651
1353,26.0,0.0021750926971435547,-0.020678281784057617,-0.02999570220708847,-0.04573269933462143,-0.005323315970599651
1354,19.0,0.0015857219696044922,-0.020678281784057617,-0.02999570220708847,-0.04573269933462143,-0.005323315970599651
1355,29.0,0.0029571056365966797,-0.020678281784057617,-0.02999570220708847,-0.04573269933462143,-0.005323315970599651
1356,33.0,0.002977132797241211,-0.020678281784057617,-0.02999570220708847,-0.04573269933462143,-0.005323315970599651
1357,41.0,0.004064083099365234,-0.020678281784057617,-0.02999570220708847,-0.04573269933462143,-0.005323315970599651
1358,29.0,0.0023670196533203125,-0.020678281784057617,-0.02999570220708847,-0.04573269933462143,-0.005323315970599651
1359,25.0,0.0020380020141601562,-0.020678281784057617,-0.02999570220708847,-0.04573269933462143,-0.005323315970599651
1360,33.0,0.0026121139526367188,-0.020678281784057617,-0.02999570220708847,-0.04573269933462143,-0.005323315970599651
1361,33.0,0.002807140350341797,-0.020678281784057617,-0.02999570220708847,-0.04573269933462143,-0.005323315970599651
1362,32.0,0.0027458667755126953,-0.020678281784057617,-0.02999570220708847,-0.04573269933462143,-0.005323315970599651
1363,33.0,0.002554178237915039,-0.020678281784057617,-0.02999570220708847,-0.04573269933462143,-0.005323315970599651
1364,33.0,0.0025119781494140625,-0.020678281784057617,-0.02999570220708847,-0.04573269933462143,-0.005323315970599651
1365,33.0,0.00252532958984375,-0.020678281784057617,-0.02999570220708847,-0.04573269933462143,-0.005323315970599651
1366,29.0,0.0024793148040771484,-0.020678281784057617,-0.02999570220708847,-0.04573269933462143,-0.005323315970599651
1367,33.0,0.002730131149291992,-0.020678281784057617,-0.02999570220708847,-0.04573269933462143,-0.005323315970599651
1368,33.0,0.002707958221435547,-0.020678281784057617,-0.02999570220708847,-0.04573269933462143,-0.005323315970599651
1369,22.0,0.0017762184143066406,-0.020678281784057617,-0.02999570220708847,-0.04573269933462143,-0.005323315970599651
1370,41.0,0.003132343292236328,-0.020678281784057617,-0.02999570220708847,-0.04573269933462143,-0.005323315970599651
1371,33.0,0.0025391578674316406,-0.020678281784057617,-0.02999570220708847,-0.04573269933462143,-0.005323315970599651
1372,33.0,0.0027382373809814453,-0.020678281784057617,-0.02999570220708847,-0.04573269933462143,-0.005323315970599651
1373,33.0,0.002722024917602539,-0.020678281784057617,-0.02999570220708847,-0.04573269933462143,-0.005323315970599651
1374,33.0,0.002833127975463867,-0.020678281784057617,-0.02999570220708847,-0.04573269933462143,-0.005323315970599651
1375,22.0,0.0018880367279052734,-0.020678281784057617,-0.02999570220708847,-0.04573269933462143,-0.005323315970599651
1376,33.0,0.0029571056365966797,-0.020678281784057617,-0.02999570220708847,-0.04573269933462143,-0.005323315970599651
1377,34.0,0.0033600330352783203,-0.020678281784057617,-0.02999570220708847,-0.04573269933462143,-0.005323315970599651
1378,45.0,0.00421905517578125,-0.020678281784057617,-0.02999570220708847,-0.04573269933462143,-0.005323315970599651
1379,47.0,0.004555940628051758,-0.020678281784057617,-0.02999570220708847,-0.04573269933462143,-0.005323315970599651
1380,33.0,0.0039141178131103516,-0.020678281784057617,-0.02999570220708847,-0.04573269933462143,-0.005323315970599651
1381,21.0,0.0017919540405273438,-0.020678281784057617,-0.02999570220708847,-0.04573269933462143,-0.005323315970599651
1382,28.0,0.0022020339965820312,-0.020678281784057617,-0.02999570220708847,-0.04573269933462143,-0.005323315970599651
1383,71.0,0.005226850509643555,-0.020678281784057617,-0.02999570220708847,-0.04573269933462143,-0.005323315970599651
1384,33.0,0.0036690235137939453,-0.020678281784057617,-0.02999570220708847,-0.04573269933462143,-0.005323315970599651
1385,31.0,0.002596139907836914,-0.020678281784057617,-0.02999570220708847,-0.04573269933462143,-0.005323315970599651
1386,33.0,0.0027010440826416016,-0.020678281784057617,-0.02999570220708847,-0.04573269933462143,-0.005323315970599651
1387,33.0,0.002711057662963867,-0.020678281784057617,-0.02999570220708847,-0.04573269933462143,-0.005323315970599651
1388,29.0,0.0038170814514160156,-0.020678281784057617,-0.02999570220708847,-0.04573269933462143,-0.005323315970599651
1389,40.0,0.004053831100463867,-0.020678281784057617,-0.02999570220708847,-0.04573269933462143,-0.005323315970599651
1390,33.0,0.002853870391845703,-0.020678281784057617,-0.02999570220708847,-0.04573269933462143,-0.005323315970599651
1391,20.0,0.0016689300537109375,-0.020678281784057617,-0.02999570220708847,-0.04573269933462143,-0.005323315970599651
1392,33.0,0.002585887908935547,-0.020678281784057617,-0.02999570220708847,-0.04573269933462143,-0.005323315970599651
1393,33.0,0.002580881118774414,-0.020678281784057617,-0.02999570220708847,-0.04573269933462143,-0.005323315970599651
1394,29.0,0.0023360252380371094,-0.020678281784057617,-0.02999570220708847,-0.04573269933462143,-0.005323315970599651
1395,34.0,0.002681732177734375,-0.020678281784057617,-0.02999570220708847,-0.04573269933462143,-0.005323315970599651
1396,33.0,0.002566814422607422,-0.020678281784057617,-0.02999570220708847,-0.04573269933462143,-0.005323315970599651
1397,33.0,0.002603769302368164,-0.020678281784057617,-0.02999570220708847,-0.04573269933462143,-0.005323315970599651
1398,33.0,0.002585887908935547,-0.020678281784057617,-0.02999570220708847,-0.04573269933462143,-0.005323315970599651
1399,45.0,0.0034551620483398438,-0.020678281784057617,-0.02999570220708847,-0.04573269933462143,-0.005323315970599651
1400,19.0,0.0015611648559570312,-0.020678281784057617,-0.02999570220708847,-0.04573269933462143,-0.005323315970599651
1401,33.0,0.0026388168334960938,-0.020678281784057617,-0.02999570220708847,-0.04573269933462143,-0.005323315970599651
1402,40.0,0.003158092498779297,-0.020678281784057617,-0.02999570220708847,-0.04573269933462143,-0.005323315970599651
1403,33.0,0.002626180648803711,-0.020678281784057617,-0.02999570220708847,-0.04573269933462143,-0.005323315970599651
1404,33.0,0.0025908946990966797,-0.020678281784057617,-0.02999570220708847,-0.04573269933462143,-0.005323315970599651
1405,40.0,0.003103971481323242,-0.020678281784057617,-0.02999570220708847,-0.04573269933462143,-0.005323315970599651
1406,27.0,0.002146005630493164,-0.020678281784057617,-0.02999570220708847,-0.04573269933462143,-0.005323315970599651
1407,28.0,0.002206087112426758,-0.020678281784057617,-0.02999570220708847,-0.04573269933462143,-0.005323315970599651
1408,26.0,0.0020651817321777344,-0.020678281784057617,-0.02999570220708847,-0.04573269933462143,-0.005323315970599651
1409,102.0,0.007982015609741211,-0.020678281784057617,-0.02999570220708847,-0.04573269933462143,-0.005323315970599651
1410,45.0,0.0037560462951660156,-0.020678281784057617,-0.02999570220708847,-0.04573269933462143,-0.005323315970599651
1411,38.0,0.003118276596069336,-0.020678281784057617,-0.02999570220708847,-0.04573269933462143,-0.005323315970599651
1412,28.0,0.0023779869079589844,-0.020678281784057617,-0.02999570220708847,-0.04573269933462143,-0.005323315970599651
1413,33.0,0.003248929977416992,-0.020678281784057617,-0.02999570220708847,-0.04573269933462143,-0.005323315970599651
1414,23.0,0.0019609928131103516,-0.020678281784057617,-0.02999570220708847,-0.04573269933462143,-0.005323315970599651
1415,29.0,0.002531766891479492,-0.020678281784057617,-0.02999570220708847,-0.04573269933462143,-0.005323315970599651
1416,33.0,0.0025529861450195312,-0.020678281784057617,-0.02999570220708847,-0.04573269933462143,-0.005323315970599651
1417,47.0,0.003712892532348633,-0.020678281784057617,-0.02999570220708847,-0.04573269933462143,-0.005323315970599651
1418,33.0,0.002737283706665039,-0.020678281784057617,-0.02999570220708847,-0.04573269933462143,-0.005323315970599651
1419,24.0,0.0024030208587646484,-0.020678281784057617,-0.02999570220708847,-0.04573269933462143,-0.005323315970599651
1420,50.0,0.004888057708740234,-0.020678281784057617,-0.02999570220708847,-0.04573269933462143,-0.005323315970599651
1421,32.0,0.0026209354400634766,-0.020678281784057617,-0.02999570220708847,-0.04573269933462143,-0.005323315970599651
1422,28.0,0.0031621456146240234,-0.020678281784057617,-0.02999570220708847,-0.04573269933462143,-0.005323315970599651
1423,33.0,0.002846240997314453,-0.020678281784057617,-0.02999570220708847,-0.04573269933462143,-0.005323315970599651
1424,47.0,0.0042858123779296875,-0.020678281784057617,-0.02999570220708847,-0.04573269933462143,-0.005323315970599651
1425,56.0,0.00494694709777832,-0.020678281784057617,-0.02999570220708847,-0.04573269933462143,-0.005323315970599651
1426,33.0,0.0030181407928466797,-0.020678281784057617,-0.02999570220708847,-0.04573269933462143,-0.005323315970599651
1427,58.0,0.004717111587524414,-0.020678281784057617,-0.02999570220708847,-0.04573269933462143,-0.005323315970599651
1428,33.0,0.003984928131103516,-0.020678281784057617,-0.02999570220708847,-0.04573269933462143,-0.005323315970599651
1429,66.0,0.0049479007720947266,-0.020678281784057617,-0.02999570220708847,-0.04573269933462143,-0.005323315970599651
1430,33.0,0.002626180648803711,-0.020678281784057617,-0.02999570220708847,-0.04573269933462143,-0.005323315970599651
1431,37.0,0.0030410289764404297,-0.020678281784057617,-0.02999570220708847,-0.04573269933462143,-0.005323315970599651
1432,45.0,0.004379749298095703,-0.020678281784057617,-0.02999570220708847,-0.04573269933462143,-0.005323315970599651
1433,33.0,0.0029180049896240234,-0.020678281784057617,-0.02999570220708847,-0.04573269933462143,-0.005323315970599651
1434,19.0,0.0016410350799560547,-0.020678281784057617,-0.02999570220708847,-0.04573269933462143,-0.005323315970599651
1435,33.0,0.002622842788696289,-0.020678281784057617,-0.02999570220708847,-0.04573269933462143,-0.005323315970599651
1436,33.0,0.002847909927368164,-0.020678281784057617,-0.02999570220708847,-0.04573269933462143,-0.005323315970599651
1437,20.0,0.0016810894012451172,-0.020678281784057617,-0.02999570220708847,-0.04573269933462143,-0.005323315970599651
1438,33.0,0.002649068832397461,-0.020678281784057617,-0.02999570220708847,-0.04573269933462143,-0.005323315970599651
1439,69.0,0.005418300628662109,-0.020678281784057617,-0.02999570220708847,-0.04573269933462143,-0.005323315970599651
1440,19.0,0.0016179084777832031,-0.020678281784057617,-0.02999570220708847,-0.04573269933462143,-0.005323315970599651
1441,19.0,0.0015959739685058594,-0.020678281784057617,-0.02999570220708847,-0.04573269933462143,-0.005323315970599651
1442,45.0,0.004836082458496094,-0.020678281784057617,-0.02999570220708847,-0.04573269933462143,-0.005323315970599651
1443,32.0,0.002975940704345703,-0.020678281784057617,-0.02999570220708847,-0.04573269933462143,-0.005323315970599651
1444,33.0,0.0035758018493652344,-0.020678281784057617,-0.02999570220708847,-0.04573269933462143,-0.005323315970599651
1445,33.0,0.002763032913208008,-0.020678281784057617,-0.02999570220708847,-0.04573269933462143,-0.005323315970599651
1446,33.0,0.0025489330291748047,-0.020678281784057617,-0.02999570220708847,-0.04573269933462143,-0.005323315970599651
1447,33.0,0.0036787986755371094,-0.020678281784057617,-0.02999570220708847,-0.04573269933462143,-0.005323315970599651
1448,36.0,0.003014087677001953,-0.020678281784057617,-0.02999570220708847,-0.04573269933462143,-0.005323315970599651
1449,33.0,0.0030088424682617188,-0.020678281784057617,-0.02999570220708847,-0.04573269933462143,-0.005323315970599651
1450,33.0,0.002610921859741211,-0.020678281784057617,-0.02999570220708847,-0.04573269933462143,-0.005323315970599651
1451,19.0,0.0015921592712402344,-0.020678281784057617,-0.02999570220708847,-0.04573269933462143,-0.005323315970599651
1452,33.0,0.0026018619537353516,-0.020678281784057617,-0.02999570220708847,-0.04573269933462143,-0.005323315970599651
1453,33.0,0.003715991973876953,-0.020678281784057617,-0.02999570220708847,-0.04573269933462143,-0.005323315970599651
1454,33.0,0.0025780200958251953,-0.020678281784057617,-0.02999570220708847,-0.04573269933462143,-0.005323315970599651
1455,33.0,0.0026679039001464844,-0.020678281784057617,-0.02999570220708847,-0.04573269933462143,-0.005323315970599651
1456,33.0,0.002927064895629883,-0.020678281784057617,-0.02999570220708847,-0.04573269933462143,-0.005323315970599651
1457,33.0,0.002597808837890625,-0.020678281784057617,-0.02999570220708847,-0.04573269933462143,-0.005323315970599651
1458,33.0,0.003216981887817383,-0.020678281784057617,-0.02999570220708847,-0.04573269933462143,-0.005323315970599651
1459,33.0,0.0026891231536865234,-0.020678281784057617,-0.02999570220708847,-0.04573269933462143,-0.005323315970599651
1460,24.0,0.001943826675415039,-0.020678281784057617,-0.02999570220708847,-0.04573269933462143,-0.005323315970599651
1461,33.0,0.0026099681854248047,-0.020678281784057617,-0.02999570220708847,-0.04573269933462143,-0.005323315970599651
1462,19.0,0.0022017955780029297,-0.020678281784057617,-0.02999570220708847,-0.04573269933462143,-0.005323315970599651
1463,33.0,0.0026137828826904297,-0.020678281784057617,-0.02999570220708847,-0.04573269933462143,-0.005323315970599651
1464,21.0,0.0017061233520507812,-0.020678281784057617,-0.02999570220708847,-0.04573269933462143,-0.005323315970599651
1465,33.0,0.0028700828552246094,-0.020678281784057617,-0.02999570220708847,-0.04573269933462143,-0.005323315970599651
1466,28.0,0.0022509098052978516,-0.020678281784057617,-0.02999570220708847,-0.04573269933462143,-0.005323315970599651
1467,26.0,0.0020148754119873047,-0.020678281784057617,-0.02999570220708847,-0.04573269933462143,-0.005323315970599651
1468,37.0,0.00393223762512207,-0.020678281784057617,-0.02999570220708847,-0.04573269933462143,-0.005323315970599651
1469,19.0,0.0019168853759765625,-0.020678281784057617,-0.02999570220708847,-0.04573269933462143,-0.005323315970599651
1470,22.0,0.0017981529235839844,-0.020678281784057617,-0.02999570220708847,-0.04573269933462143,-0.005323315970599651
1471,33.0,0.0025942325592041016,-0.020678281784057617,-0.02999570220708847,-0.04573269933462143,-0.005323315970599651
1472,33.0,0.0026700496673583984,-0.020678281784057617,-0.02999570220708847,-0.04573269933462143,-0.005323315970599651
1473,28.0,0.002177000045776367,-0.020678281784057617,-0.02999570220708847,-0.04573269933462143,-0.005323315970599651
1474,31.0,0.002363920211791992,-0.020678281784057617,-0.02999570220708847,-0.04573269933462143,-0.005323315970599651
1475,33.0,0.002660036087036133,-0.020678281784057617,-0.02999570220708847,-0.04573269933462143,-0.005323315970599651
1476,26.0,0.0022640228271484375,-0.020678281784057617,-0.02999570220708847,-0.04573269933462143,-0.005323315970599651
1477,21.0,0.001734018325805664,-0.020678281784057617,-0.02999570220708847,-0.04573269933462143,-0.005323315970599651
1478,22.0,0.0017750263214111328,-0.020678281784057617,-0.02999570220708847,-0.04573269933462143,-0.005323315970599651
1479,32.0,0.0025420188903808594,-0.020678281784057617,-0.02999570220708847,-0.04573269933462143,-0.005323315970599651
1480,33.0,0.0026159286499023438,-0.020678281784057617,-0.02999570220708847,-0.04573269933462143,-0.005323315970599651
1481,33.0,0.0026459693908691406,-0.020678281784057617,-0.02999570220708847,-0.04573269933462143,-0.005323315970599651
1482,33.0,0.0026543140411376953,-0.020678281784057617,-0.02999570220708847,-0.04573269933462143,-0.005323315970599651
1483,33.0,0.0026400089263916016,-0.020678281784057617,-0.02999570220708847,-0.04573269933462143,-0.005323315970599651
1484,33.0,0.002608776092529297,-0.020678281784057617,-0.02999570220708847,-0.04573269933462143,-0.005323315970599651
1485,40.0,0.003117084503173828,-0.020678281784057617,-0.02999570220708847,-0.04573269933462143,-0.005323315970599651
1486,37.0,0.0029320716857910156,-0.020678281784057617,-0.02999570220708847,-0.04573269933462143,-0.005323315970599651
1487,33.0,0.0026717185974121094,-0.020678281784057617,-0.02999570220708847,-0.04573269933462143,-0.005323315970599651
1488,22.0,0.001960277557373047,-0.020678281784057617,-0.02999570220708847,-0.04573269933462143,-0.005323315970599651
1489,19.0,0.0016088485717773438,-0.020678281784057617,-0.02999570220708847,-0.04573269933462143,-0.005323315970599651
1490,33.0,0.002583742141723633,-0.020678281784057617,-0.02999570220708847,-0.04573269933462143,-0.005323315970599651
1491,33.0,0.002808809280395508,-0.020678281784057617,-0.02999570220708847,-0.04573269933462143,-0.005323315970599651
1492,37.0,0.002949953079223633,-0.020678281784057617,-0.02999570220708847,-0.04573269933462143,-0.005323315970599651
1493,37.0,0.0028901100158691406,-0.020678281784057617,-0.02999570220708847,-0.04573269933462143,-0.005323315970599651
1494,33.0,0.0026769638061523438,-0.020678281784057617,-0.02999570220708847,-0.04573269933462143,-0.005323315970599651
1495,21.0,0.0019850730895996094,-0.020678281784057617,-0.02999570220708847,-0.04573269933462143,-0.005323315970599651
1496,33.0,0.0027551651000976562,-0.020678281784057617,-0.02999570220708847,-0.04573269933462143,-0.005323315970599651
1497,33.0,0.0025701522827148438,-0.020678281784057617,-0.02999570220708847,-0.04573269933462143,-0.005323315970599651
1498,29.0,0.0024569034576416016,-0.020678281784057617,-0.02999570220708847,-0.04573269933462143,-0.005323315970599651
1499,47.0,0.003762960433959961,-0.020678281784057617,-0.02999570220708847,-0.04573269933462143,-0.005323315970599651
1500,39.0,0.003031015396118164,-0.020678281784057617,-0.02999570220708847,-0.04573269933462143,-0.005323315970599651
1501,25.0,0.001961946487426758,-0.020678281784057617,-0.02999570220708847,-0.04573269933462143,-0.005323315970599651
1502,29.0,0.0022809505462646484,-0.020678281784057617,-0.02999570220708847,-0.04573269933462143,-0.005323315970599651
1503,33.0,0.0026187896728515625,-0.020678281784057617,-0.02999570220708847,-0.04573269933462143,-0.005323315970599651
1504,33.0,0.0025780200958251953,-0.020678281784057617,-0.02999570220708847,-0.04573269933462143,-0.005323315970599651
1505,30.0,0.0023412704467773438,-0.020678281784057617,-0.02999570220708847,-0.04573269933462143,-0.005323315970599651
1506,33.0,0.002567291259765625,-0.020678281784057617,-0.02999570220708847,-0.04573269933462143,-0.005323315970599651
1507,33.0,0.0027837753295898438,-0.020678281784057617,-0.02999570220708847,-0.04573269933462143,-0.005323315970599651
1508,36.0,0.0028243064880371094,-0.020678281784057617,-0.02999570220708847,-0.04573269933462143,-0.005323315970599651
1509,33.0,0.002608060836791992,-0.020678281784057617,-0.02999570220708847,-0.04573269933462143,-0.005323315970599651
1510,33.0,0.0025861263275146484,-0.020678281784057617,-0.02999570220708847,-0.04573269933462143,-0.005323315970599651
1511,32.0,0.0025031566619873047,-0.020678281784057617,-0.02999570220708847,-0.04573269933462143,-0.005323315970599651
1512,40.0,0.0030541419982910156,-0.020678281784057617,-0.02999570220708847,-0.04573269933462143,-0.005323315970599651
1513,33.0,0.0025649070739746094,-0.020678281784057617,-0.02999570220708847,-0.04573269933462143,-0.005323315970599651
1514,33.0,0.0025360584259033203,-0.020678281784057617,-0.02999570220708847,-0.04573269933462143,-0.005323315970599651
1515,33.0,0.002579927444458008,-0.020678281784057617,-0.02999570220708847,-0.04573269933462143,-0.005323315970599651
1516,33.0,0.0025339126586914062,-0.020678281784057617,-0.02999570220708847,-0.04573269933462143,-0.005323315970599651
1517,29.0,0.002259969711303711,-0.020678281784057617,-0.02999570220708847,-0.04573269933462143,-0.005323315970599651
1518,33.0,0.002569913864135742,-0.020678281784057617,-0.02999570220708847,-0.04573269933462143,-0.005323315970599651
1519,33.0,0.002583026885986328,-0.020678281784057617,-0.02999570220708847,-0.04573269933462143,-0.005323315970599651
1520,33.0,0.0025451183319091797,-0.020678281784057617,-0.02999570220708847,-0.04573269933462143,-0.005323315970599651
1521,33.0,0.002554178237915039,-0.020678281784057617,-0.02999570220708847,-0.04573269933462143,-0.005323315970599651
1522,37.0,0.002832174301147461,-0.020678281784057617,-0.02999570220708847,-0.04573269933462143,-0.005323315970599651
1523,33.0,0.002573251724243164,-0.020678281784057617,-0.02999570220708847,-0.04573269933462143,-0.005323315970599651
1524,26.0,0.00203704833984375,-0.020678281784057617,-0.02999570220708847,-0.04573269933462143,-0.005323315970599651
1525,33.0,0.002547025680541992,-0.020678281784057617,-0.02999570220708847,-0.04573269933462143,-0.005323315970599651
1526,33.0,0.002729177474975586,-0.020678281784057617,-0.02999570220708847,-0.04573269933462143,-0.005323315970599651
1527,41.0,0.0033669471740722656,-0.020678281784057617,-0.02999570220708847,-0.04573269933462143,-0.005323315970599651
1528,40.0,0.0032720565795898438,-0.020678281784057617,-0.02999570220708847,-0.04573269933462143,-0.005323315970599651
1529,40.0,0.0034797191619873047,-0.020678281784057617,-0.02999570220708847,-0.04573269933462143,-0.005323315970599651
1530,33.0,0.002624034881591797,-0.020678281784057617,-0.02999570220708847,-0.04573269933462143,-0.005323315970599651
1531,33.0,0.0027010440826416016,-0.020678281784057617,-0.02999570220708847,-0.04573269933462143,-0.005323315970599651
1532,19.0,0.0018191337585449219,-0.020678281784057617,-0.02999570220708847,-0.04573269933462143,-0.005323315970599651
1533,116.0,0.00927114486694336,-0.020678281784057617,-0.02999570220708847,-0.04573269933462143,-0.005323315970599651
1534,33.0,0.0027260780334472656,-0.020678281784057617,-0.02999570220708847,-0.04573269933462143,-0.005323315970599651
1535,33.0,0.0027658939361572266,-0.020678281784057617,-0.02999570220708847,-0.04573269933462143,-0.005323315970599651
1536,33.0,0.0025610923767089844,-0.020678281784057617,-0.02999570220708847,-0.04573269933462143,-0.005323315970599651
1537,57.0,0.00423884391784668,-0.020678281784057617,-0.02999570220708847,-0.04573269933462143,-0.005323315970599651
1538,33.0,0.0029599666595458984,-0.020678281784057617,-0.02999570220708847,-0.04573269933462143,-0.005323315970599651
1539,33.0,0.0025200843811035156,-0.020678281784057617,-0.02999570220708847,-0.04573269933462143,-0.005323315970599651
1540,26.0,0.0020351409912109375,-0.020678281784057617,-0.02999570220708847,-0.04573269933462143,-0.005323315970599651
1541,33.0,0.0025429725646972656,-0.020678281784057617,-0.02999570220708847,-0.04573269933462143,-0.005323315970599651
1542,27.0,0.0023407936096191406,-0.020678281784057617,-0.02999570220708847,-0.04573269933462143,-0.005323315970599651
1543,22.0,0.0017969608306884766,-0.020678281784057617,-0.02999570220708847,-0.04573269933462143,-0.005323315970599651
1544,40.0,0.0035429000854492188,-0.020678281784057617,-0.02999570220708847,-0.04573269933462143,-0.005323315970599651
1545,33.0,0.002919912338256836,-0.020678281784057617,-0.02999570220708847,-0.04573269933462143,-0.005323315970599651
1546,24.0,0.0019519329071044922,-0.020678281784057617,-0.02999570220708847,-0.04573269933462143,-0.005323315970599651
1547,19.0,0.001583099365234375,-0.020678281784057617,-0.02999570220708847,-0.04573269933462143,-0.005323315970599651
1548,29.0,0.0027539730072021484,-0.020678281784057617,-0.02999570220708847,-0.04573269933462143,-0.005323315970599651
1549,33.0,0.0025589466094970703,-0.020678281784057617,-0.02999570220708847,-0.04573269933462143,-0.005323315970599651
1550,40.0,0.003023862838745117,-0.020678281784057617,-0.02999570220708847,-0.04573269933462143,-0.005323315970599651
1551,33.0,0.002557039260864258,-0.020678281784057617,-0.02999570220708847,-0.04573269933462143,-0.005323315970599651
1552,33.0,0.0025177001953125,-0.020678281784057617,-0.02999570220708847,-0.04573269933462143,-0.005323315970599651
1553,33.0,0.0025200843811035156,-0.020678281784057617,-0.02999570220708847,-0.04573269933462143,-0.005323315970599651
1554,16.0,0.0013051033020019531,-0.020678281784057617,-0.02999570220708847,-0.04573269933462143,-0.005323315970599651
1555,33.0,0.0027921199798583984,-0.020678281784057617,-0.02999570220708847,-0.04573269933462143,-0.005323315970599651
1556,50.0,0.004090070724487305,-0.020678281784057617,-0.02999570220708847,-0.04573269933462143,-0.005323315970599651
1557,31.0,0.003203153610229492,-0.020678281784057617,-0.02999570220708847,-0.04573269933462143,-0.005323315970599651
1558,33.0,0.0026128292083740234,-0.020678281784057617,-0.02999570220708847,-0.04573269933462143,-0.005323315970599651
1559,33.0,0.0027968883514404297,-0.020678281784057617,-0.02999570220708847,-0.04573269933462143,-0.005323315970599651
1560,33.0,0.003350973129272461,-0.020678281784057617,-0.02999570220708847,-0.04573269933462143,-0.005323315970599651
1561,33.0,0.0033071041107177734,-0.020678281784057617,-0.02999570220708847,-0.04573269933462143,-0.005323315970599651
1562,33.0,0.0030889511108398438,-0.020678281784057617,-0.02999570220708847,-0.04573269933462143,-0.005323315970599651
1563,41.0,0.003706216812133789,-0.020678281784057617,-0.02999570220708847,-0.04573269933462143,-0.005323315970599651
1564,33.0,0.0026030540466308594,-0.020678281784057617,-0.02999570220708847,-0.04573269933462143,-0.005323315970599651
1565,33.0,0.002994060516357422,-0.020678281784057617,-0.02999570220708847,-0.04573269933462143,-0.005323315970599651
1566,24.0,0.0022242069244384766,-0.020678281784057617,-0.02999570220708847,-0.04573269933462143,-0.005323315970599651
1567,33.0,0.002630949020385742,-0.020678281784057617,-0.02999570220708847,-0.04573269933462143,-0.005323315970599651
1568,33.0,0.0027430057525634766,-0.020678281784057617,-0.02999570220708847,-0.04573269933462143,-0.005323315970599651
1569,33.0,0.0026519298553466797,-0.020678281784057617,-0.02999570220708847,-0.04573269933462143,-0.005323315970599651
1570,55.0,0.004102945327758789,-0.020678281784057617,-0.02999570220708847,-0.04573269933462143,-0.005323315970599651
1571,75.0,0.0061147212982177734,-0.020678281784057617,-0.02999570220708847,-0.04573269933462143,-0.005323315970599651
1572,33.0,0.0027611255645751953,-0.020678281784057617,-0.02999570220708847,-0.04573269933462143,-0.005323315970599651
1573,45.0,0.003843069076538086,-0.020678281784057617,-0.02999570220708847,-0.04573269933462143,-0.005323315970599651
1574,31.0,0.0025551319122314453,-0.020678281784057617,-0.02999570220708847,-0.04573269933462143,-0.005323315970599651
1575,30.0,0.0044858455657958984,-0.024015771225094795,0.03689977154135704,-0.00044143619015812874,0.04034401476383209
1576,39.0,0.003319978713989258,-0.024015771225094795,0.03689977154135704,-0.00044143619015812874,0.04034401476383209
1577,151.0,0.011748075485229492,-0.024015771225094795,0.03689977154135704,-0.00044143619015812874,0.04034401476383209
1578,33.0,0.002969026565551758,-0.024015771225094795,0.03689977154135704,-0.00044143619015812874,0.04034401476383209
1579,147.0,0.012764930725097656,-0.024015771225094795,0.03689977154135704,-0.00044143619015812874,0.04034401476383209
1580,117.0,0.009104251861572266,-0.024015771225094795,0.03689977154135704,-0.00044143619015812874,0.04034401476383209
1581,118.0,0.009032011032104492,-0.024015771225094795,0.03689977154135704,-0.00044143619015812874,0.04034401476383209
1582,12.0,0.0011227130889892578,-0.024015771225094795,0.03689977154135704,-0.00044143619015812874,0.04034401476383209
1583,32.0,0.002540111541748047,-0.024015771225094795,0.03689977154135704,-0.00044143619015812874,0.04034401476383209
1584,12.0,0.001070261001586914,-0.024015771225094795,0.03689977154135704,-0.00044143619015812874,0.04034401476383209
1585,32.0,0.0031290054321289062,-0.024015771225094795,0.03689977154135704,-0.00044143619015812874,0.04034401476383209
1586,124.0,0.009469270706176758,-0.024015771225094795,0.03689977154135704,-0.00044143619015812874,0.04034401476383209
1587,30.0,0.002362966537475586,-0.024015771225094795,0.03689977154135704,-0.00044143619015812874,0.04034401476383209
1588,150.0,0.012145042419433594,-0.024015771225094795,0.03689977154135704,-0.00044143619015812874,0.04034401476383209
1589,32.0,0.002869129180908203,-0.024015771225094795,0.03689977154135704,-0.00044143619015812874,0.04034401476383209
1590,175.0,0.013420820236206055,-0.024015771225094795,0.03689977154135704,-0.00044143619015812874,0.04034401476383209
1591,22.0,0.0018448829650878906,-0.024015771225094795,0.03689977154135704,-0.00044143619015812874,0.04034401476383209
1592,157.0,0.011580228805541992,-0.024015771225094795,0.03689977154135704,-0.00044143619015812874,0.04034401476383209
1593,16.0,0.0013089179992675781,-0.024015771225094795,0.03689977154135704,-0.00044143619015812874,0.04034401476383209
1594,112.0,0.008343935012817383,-0.024015771225094795,0.03689977154135704,-0.00044143619015812874,0.04034401476383209
1595,62.0,0.0046422481536865234,-0.024015771225094795,0.03689977154135704,-0.00044143619015812874,0.04034401476383209
1596,49.0,0.003662109375,-0.024015771225094795,0.03689977154135704,-0.00044143619015812874,0.04034401476383209
1597,43.0,0.0032281875610351562,-0.024015771225094795,0.03689977154135704,-0.00044143619015812874,0.04034401476383209
1598,131.0,0.01001119613647461,-0.024015771225094795,0.03689977154135704,-0.00044143619015812874,0.04034401476383209
1599,120.0,0.009369134902954102,-0.024015771225094795,0.03689977154135704,-0.00044143619015812874,0.04034401476383209
1600,40.0,0.0032927989959716797,-0.024015771225094795,0.03689977154135704,-0.00044143619015812874,0.04034401476383209
1601,126.0,0.00948023796081543,-0.024015771225094795,0.03689977154135704,-0.00044143619015812874,0.04034401476383209
1602,177.0,0.013255834579467773,-0.024015771225094795,0.03689977154135704,-0.00044143619015812874,0.04034401476383209
1603,104.0,0.008610248565673828,-0.024015771225094795,0.03689977154135704,-0.00044143619015812874,0.04034401476383209
1604,94.0,0.007559061050415039,-0.024015771225094795,0.03689977154135704,-0.00044143619015812874,0.04034401476383209
1605,69.0,0.005825042724609375,-0.024015771225094795,0.03689977154135704,-0.00044143619015812874,0.04034401476383209
1606,128.0,0.010102033615112305,-0.024015771225094795,0.03689977154135704,-0.00044143619015812874,0.04034401476383209
1607,89.0,0.006982326507568359,-0.024015771225094795,0.03689977154135704,-0.00044143619015812874,0.04034401476383209
1608,158.0,0.012630939483642578,-0.024015771225094795,0.03689977154135704,-0.00044143619015812874,0.04034401476383209
1609,91.0,0.007951021194458008,-0.024015771225094795,0.03689977154135704,-0.00044143619015812874,0.04034401476383209
1610,96.0,0.007545948028564453,-0.024015771225094795,0.03689977154135704,-0.00044143619015812874,0.04034401476383209
1611,49.0,0.003693819046020508,-0.024015771225094795,0.03689977154135704,-0.00044143619015812874,0.04034401476383209
1612,99.0,0.00905299186706543,-0.024015771225094795,0.03689977154135704,-0.00044143619015812874,0.04034401476383209
1613,415.0,0.03377580642700195,-0.024015771225094795,0.03689977154135704,-0.00044143619015812874,0.04034401476383209
1614,14.0,0.001447916030883789,-0.024015771225094795,0.03689977154135704,-0.00044143619015812874,0.04034401476383209
1615,236.0,0.01911187171936035,-0.024015771225094795,0.03689977154135704,-0.00044143619015812874,0.04034401476383209
1616,287.0,0.023998260498046875,-0.024015771225094795,0.03689977154135704,-0.00044143619015812874,0.04034401476383209
1617,144.0,0.01111292839050293,-0.024015771225094795,0.03689977154135704,-0.00044143619015812874,0.04034401476383209
1618,222.0,0.016303062438964844,-0.024015771225094795,0.03689977154135704,-0.00044143619015812874,0.04034401476383209
1619,104.0,0.00785517692565918,-0.024015771225094795,0.03689977154135704,-0.00044143619015812874,0.04034401476383209
1620,109.0,0.00834512710571289,-0.024015771225094795,0.03689977154135704,-0.00044143619015812874,0.04034401476383209
1621,64.0,0.004734992980957031,-0.024015771225094795,0.03689977154135704,-0.00044143619015812874,0.04034401476383209
1622,226.0,0.016880035400390625,-0.024015771225094795,0.03689977154135704,-0.00044143619015812874,0.04034401476383209
1623,44.0,0.0033121109008789062,-0.024015771225094795,0.03689977154135704,-0.00044143619015812874,0.04034401476383209
1624,160.0,0.011410951614379883,-0.024015771225094795,0.03689977154135704,-0.00044143619015812874,0.04034401476383209
1625,134.0,0.010022878646850586,-0.024015771225094795,0.03689977154135704,-0.00044143619015812874,0.04034401476383209
1626,116.0,0.008374691009521484,-0.024015771225094795,0.03689977154135704,-0.00044143619015812874,0.04034401476383209
1627,76.0,0.005517005920410156,-0.024015771225094795,0.03689977154135704,-0.00044143619015812874,0.04034401476383209
1628,76.0,0.005542755126953125,-0.024015771225094795,0.03689977154135704,-0.00044143619015812874,0.04034401476383209
1629,95.0,0.006882190704345703,-0.024015771225094795,0.03689977154135704,-0.00044143619015812874,0.04034401476383209
1630,46.0,0.00344085693359375,-0.024015771225094795,0.03689977154135704,-0.00044143619015812874,0.04034401476383209
1631,147.0,0.011122941970825195,-0.024015771225094795,0.03689977154135704,-0.00044143619015812874,0.04034401476383209
1632,111.0,0.008411169052124023,-0.024015771225094795,0.03689977154135704,-0.00044143619015812874,0.04034401476383209
1633,50.0,0.0038890838623046875,-0.024015771225094795,0.03689977154135704,-0.00044143619015812874,0.04034401476383209
1634,99.0,0.007544994354248047,-0.024015771225094795,0.03689977154135704,-0.00044143619015812874,0.04034401476383209
1635,78.0,0.005973100662231445,-0.024015771225094795,0.03689977154135704,-0.00044143619015812874,0.04034401476383209
1636,500.0,0.03696799278259277,-0.024015771225094795,0.03689977154135704,-0.00044143619015812874,0.04034401476383209
1637,135.0,0.01021885871887207,-0.024015771225094795,0.03689977154135704,-0.00044143619015812874,0.04034401476383209
1638,44.0,0.003454923629760742,-0.024015771225094795,0.03689977154135704,-0.00044143619015812874,0.04034401476383209
1639,136.0,0.010218143463134766,-0.024015771225094795,0.03689977154135704,-0.00044143619015812874,0.04034401476383209
1640,500.0,0.03644585609436035,-0.024015771225094795,0.03689977154135704,-0.00044143619015812874,0.04034401476383209
1641,28.0,0.0022459030151367188,-0.024015771225094795,0.03689977154135704,-0.00044143619015812874,0.04034401476383209
1642,152.0,0.011147737503051758,-0.024015771225094795,0.03689977154135704,-0.00044143619015812874,0.04034401476383209
1643,116.0,0.008835792541503906,-0.024015771225094795,0.03689977154135704,-0.00044143619015812874,0.04034401476383209
1644,500.0,0.03780698776245117,-0.024015771225094795,0.03689977154135704,-0.00044143619015812874,0.04034401476383209
1645,112.0,0.00839090347290039,-0.024015771225094795,0.03689977154135704,-0.00044143619015812874,0.04034401476383209
1646,46.0,0.003590106964111328,-0.024015771225094795,0.03689977154135704,-0.00044143619015812874,0.04034401476383209
1647,116.0,0.008889913558959961,-0.024015771225094795,0.03689977154135704,-0.00044143619015812874,0.04034401476383209
1648,110.0,0.008230924606323242,-0.024015771225094795,0.03689977154135704,-0.00044143619015812874,0.04034401476383209
1649,94.0,0.0070531368255615234,-0.024015771225094795,0.03689977154135704,-0.00044143619015812874,0.04034401476383209
1650,271.0,0.019952058792114258,-0.024015771225094795,0.03689977154135704,-0.00044143619015812874,0.04034401476383209
1651,110.0,0.008195877075195312,-0.024015771225094795,0.03689977154135704,-0.00044143619015812874,0.04034401476383209
1652,51.0,0.003929853439331055,-0.024015771225094795,0.03689977154135704,-0.00044143619015812874,0.04034401476383209
1653,123.0,0.009176015853881836,-0.024015771225094795,0.03689977154135704,-0.00044143619015812874,0.04034401476383209
1654,112.0,0.008742332458496094,-0.024015771225094795,0.03689977154135704,-0.00044143619015812874,0.04034401476383209
1655,74.0,0.0057179927825927734,-0.024015771225094795,0.03689977154135704,-0.00044143619015812874,0.04034401476383209
1656,141.0,0.010575056076049805,-0.024015771225094795,0.03689977154135704,-0.00044143619015812874,0.04034401476383209
1657,166.0,0.012285947799682617,-0.024015771225094795,0.03689977154135704,-0.00044143619015812874,0.04034401476383209
1658,150.0,0.011594057083129883,-0.024015771225094795,0.03689977154135704,-0.00044143619015812874,0.04034401476383209
1659,113.0,0.00834202766418457,-0.024015771225094795,0.03689977154135704,-0.00044143619015812874,0.04034401476383209
1660,105.0,0.007840156555175781,-0.024015771225094795,0.03689977154135704,-0.00044143619015812874,0.04034401476383209
1661,88.0,0.006544828414916992,-0.024015771225094795,0.03689977154135704,-0.00044143619015812874,0.04034401476383209
1662,99.0,0.007408857345581055,-0.024015771225094795,0.03689977154135704,-0.00044143619015812874,0.04034401476383209
1663,59.0,0.0044269561767578125,-0.024015771225094795,0.03689977154135704,-0.00044143619015812874,0.04034401476383209
1664,46.0,0.0034742355346679688,-0.024015771225094795,0.03689977154135704,-0.00044143619015812874,0.04034401476383209
1665,54.0,0.00438690185546875,-0.024015771225094795,0.03689977154135704,-0.00044143619015812874,0.04034401476383209
1666,36.0,0.0027551651000976562,-0.024015771225094795,0.03689977154135704,-0.00044143619015812874,0.04034401476383209
1667,126.0,0.009182929992675781,-0.024015771225094795,0.03689977154135704,-0.00044143619015812874,0.04034401476383209
1668,73.0,0.005427837371826172,-0.024015771225094795,0.03689977154135704,-0.00044143619015812874,0.04034401476383209
1669,89.0,0.006542205810546875,-0.024015771225094795,0.03689977154135704,-0.00044143619015812874,0.04034401476383209
1670,103.0,0.007768154144287109,-0.024015771225094795,0.03689977154135704,-0.00044143619015812874,0.04034401476383209
1671,184.0,0.01384592056274414,-0.024015771225094795,0.03689977154135704,-0.00044143619015812874,0.04034401476383209
1672,199.0,0.015350103378295898,-0.024015771225094795,0.03689977154135704,-0.00044143619015812874,0.04034401476383209
1673,148.0,0.010747909545898438,-0.024015771225094795,0.03689977154135704,-0.00044143619015812874,0.04034401476383209
1674,108.0,0.007956981658935547,-0.024015771225094795,0.03689977154135704,-0.00044143619015812874,0.04034401476383209
1675,32.0,0.002635955810546875,-0.024015771225094795,0.03689977154135704,-0.00044143619015812874,0.04034401476383209
1676,74.0,0.005513906478881836,-0.024015771225094795,0.03689977154135704,-0.00044143619015812874,0.04034401476383209
1677,148.0,0.010519981384277344,-0.024015771225094795,0.03689977154135704,-0.00044143619015812874,0.04034401476383209
1678,197.0,0.014229059219360352,-0.024015771225094795,0.03689977154135704,-0.00044143619015812874,0.04034401476383209
1679,137.0,0.009871244430541992,-0.024015771225094795,0.03689977154135704,-0.00044143619015812874,0.04034401476383209
1680,74.0,0.00555419921875,-0.024015771225094795,0.03689977154135704,-0.00044143619015812874,0.04034401476383209
1681,34.0,0.0030879974365234375,-0.024015771225094795,0.03689977154135704,-0.00044143619015812874,0.04034401476383209
1682,127.0,0.00918722152709961,-0.024015771225094795,0.03689977154135704,-0.00044143619015812874,0.04034401476383209
1683,148.0,0.010589122772216797,-0.024015771225094795,0.03689977154135704,-0.00044143619015812874,0.04034401476383209
1684,113.0,0.008070230484008789,-0.024015771225094795,0.03689977154135704,-0.00044143619015812874,0.04034401476383209
1685,38.0,0.002827882766723633,-0.024015771225094795,0.03689977154135704,-0.00044143619015812874,0.04034401476383209
1686,76.0,0.00595402717590332,-0.024015771225094795,0.03689977154135704,-0.00044143619015812874,0.04034401476383209
1687,88.0,0.006497859954833984,-0.024015771225094795,0.03689977154135704,-0.00044143619015812874,0.04034401476383209
1688,91.0,0.007413148880004883,-0.024015771225094795,0.03689977154135704,-0.00044143619015812874,0.04034401476383209
1689,242.0,0.01685810089111328,-0.043231215327978134,0.03213874250650406,-0.011089440435171127,0.008585503324866295
1690,58.0,0.004235982894897461,-0.043231215327978134,0.03213874250650406,-0.011089440435171127,0.008585503324866295
1691,80.0,0.005896091461181641,-0.043231215327978134,0.03213874250650406,-0.011089440435171127,0.008585503324866295
1692,73.0,0.005372047424316406,-0.043231215327978134,0.03213874250650406,-0.011089440435171127,0.008585503324866295
1693,80.0,0.005789995193481445,-0.043231215327978134,0.03213874250650406,-0.011089440435171127,0.008585503324866295
1694,81.0,0.0058498382568359375,-0.043231215327978134,0.03213874250650406,-0.011089440435171127,0.008585503324866295
1695,67.0,0.004907131195068359,-0.043231215327978134,0.03213874250650406,-0.011089440435171127,0.008585503324866295
1696,90.0,0.006659269332885742,-0.043231215327978134,0.03213874250650406,-0.011089440435171127,0.008585503324866295
1697,33.0,0.002615690231323242,-0.043231215327978134,0.03213874250650406,-0.011089440435171127,0.008585503324866295
1698,102.0,0.0074727535247802734,-0.043231215327978134,0.03213874250650406,-0.011089440435171127,0.008585503324866295
1699,73.0,0.005164146423339844,-0.043231215327978134,0.03213874250650406,-0.011089440435171127,0.008585503324866295
1700,90.0,0.006281137466430664,-0.043231215327978134,0.03213874250650406,-0.011089440435171127,0.008585503324866295
1701,90.0,0.006412029266357422,-0.043231215327978134,0.03213874250650406,-0.011089440435171127,0.008585503324866295
1702,62.0,0.004407644271850586,-0.043231215327978134,0.03213874250650406,-0.011089440435171127,0.008585503324866295
1703,23.0,0.001741170883178711,-0.043231215327978134,0.03213874250650406,-0.011089440435171127,0.008585503324866295
1704,500.0,0.03762102127075195,-0.043231215327978134,0.03213874250650406,-0.011089440435171127,0.008585503324866295
1705,84.0,0.006226778030395508,-0.043231215327978134,0.03213874250650406,-0.011089440435171127,0.008585503324866295
1706,50.0,0.003595113754272461,-0.043231215327978134,0.03213874250650406,-0.011089440435171127,0.008585503324866295
1707,51.0,0.003715038299560547,-0.043231215327978134,0.03213874250650406,-0.011089440435171127,0.008585503324866295
1708,50.0,0.003875732421875,-0.043231215327978134,0.03213874250650406,-0.011089440435171127,0.008585503324866295
1709,50.0,0.0038390159606933594,-0.043231215327978134,0.03213874250650406,-0.011089440435171127,0.008585503324866295
1710,50.0,0.00397801399230957,-0.043231215327978134,0.03213874250650406,-0.011089440435171127,0.008585503324866295
1711,54.0,0.0038919448852539062,-0.043231215327978134,0.03213874250650406,-0.011089440435171127,0.008585503324866295
1712,50.0,0.003593921661376953,-0.043231215327978134,0.03213874250650406,-0.011089440435171127,0.008585503324866295
1713,57.0,0.004088878631591797,-0.043231215327978134,0.03213874250650406,-0.011089440435171127,0.008585503324866295
1714,50.0,0.003816843032836914,-0.043231215327978134,0.03213874250650406,-0.011089440435171127,0.008585503324866295
1715,73.0,0.005653858184814453,-0.043231215327978134,0.03213874250650406,-0.011089440435171127,0.008585503324866295
1716,52.0,0.003704071044921875,-0.043231215327978134,0.03213874250650406,-0.011089440435171127,0.008585503324866295
1717,71.0,0.00493311882019043,-0.043231215327978134,0.03213874250650406,-0.011089440435171127,0.008585503324866295
1718,132.0,0.009872913360595703,-0.043231215327978134,0.03213874250650406,-0.011089440435171127,0.008585503324866295
1719,176.0,0.012745857238769531,-0.043231215327978134,0.03213874250650406,-0.011089440435171127,0.008585503324866295
1720,52.0,0.003945827484130859,-0.043231215327978134,0.03213874250650406,-0.011089440435171127,0.008585503324866295
1721,48.0,0.0035490989685058594,-0.043231215327978134,0.03213874250650406,-0.011089440435171127,0.008585503324866295
1722,50.0,0.003747224807739258,-0.043231215327978134,0.03213874250650406,-0.011089440435171127,0.008585503324866295
1723,46.0,0.0036897659301757812,-0.043231215327978134,0.03213874250650406,-0.011089440435171127,0.008585503324866295
1724,54.0,0.0054111480712890625,-0.043231215327978134,0.03213874250650406,-0.011089440435171127,0.008585503324866295
1725,50.0,0.009393930435180664,-0.043231215327978134,0.03213874250650406,-0.011089440435171127,0.008585503324866295
1726,80.0,0.007208108901977539,-0.043231215327978134,0.03213874250650406,-0.011089440435171127,0.008585503324866295
1727,51.0,0.005596160888671875,-0.043231215327978134,0.03213874250650406,-0.011089440435171127,0.008585503324866295
1728,56.0,0.006365060806274414,-0.043231215327978134,0.03213874250650406,-0.011089440435171127,0.008585503324866295
1729,72.0,0.0073490142822265625,-0.043231215327978134,0.03213874250650406,-0.011089440435171127,0.008585503324866295
1730,53.0,0.0048809051513671875,-0.043231215327978134,0.03213874250650406,-0.011089440435171127,0.008585503324866295
1731,56.0,0.004060029983520508,-0.043231215327978134,0.03213874250650406,-0.011089440435171127,0.008585503324866295
1732,50.0,0.004102230072021484,-0.043231215327978134,0.03213874250650406,-0.011089440435171127,0.008585503324866295
1733,216.0,0.02026510238647461,-0.043231215327978134,0.03213874250650406,-0.011089440435171127,0.008585503324866295
1734,122.0,0.018097877502441406,-0.043231215327978134,0.03213874250650406,-0.011089440435171127,0.008585503324866295
1735,90.0,0.012720108032226562,-0.043231215327978134,0.03213874250650406,-0.011089440435171127,0.008585503324866295
1736,51.0,0.008376836776733398,-0.043231215327978134,0.03213874250650406,-0.011089440435171127,0.008585503324866295
1737,233.0,0.0325932502746582,-0.043231215327978134,0.03213874250650406,-0.011089440435171127,0.008585503324866295
1738,284.0,0.0290377140045166,-0.043231215327978134,0.03213874250650406,-0.011089440435171127,0.008585503324866295
1739,226.0,0.02285003662109375,-0.043231215327978134,0.03213874250650406,-0.011089440435171127,0.008585503324866295
1740,247.0,0.02230978012084961,-0.043231215327978134,0.03213874250650406,-0.011089440435171127,0.008585503324866295
1741,245.0,0.021349191665649414,-0.043231215327978134,0.03213874250650406,-0.011089440435171127,0.008585503324866295
1742,216.0,0.016894102096557617,-0.043231215327978134,0.03213874250650406,-0.011089440435171127,0.008585503324866295
1743,191.0,0.013392925262451172,-0.043231215327978134,0.03213874250650406,-0.011089440435171127,0.008585503324866295
1744,184.0,0.014140844345092773,-0.043231215327978134,0.03213874250650406,-0.011089440435171127,0.008585503324866295
1745,156.0,0.0124359130859375,-0.043231215327978134,0.03213874250650406,-0.011089440435171127,0.008585503324866295
1746,304.0,0.030391693115234375,-0.043231215327978134,0.03213874250650406,-0.011089440435171127,0.008585503324866295
1747,195.0,0.02091693878173828,-0.043231215327978134,0.03213874250650406,-0.011089440435171127,0.008585503324866295
1748,269.0,0.022973060607910156,-0.043231215327978134,0.03213874250650406,-0.011089440435171127,0.008585503324866295
1749,165.0,0.013389110565185547,-0.043231215327978134,0.03213874250650406,-0.011089440435171127,0.008585503324866295
1750,202.0,0.01658487319946289,-0.043231215327978134,0.03213874250650406,-0.011089440435171127,0.008585503324866295
1751,137.0,0.012032032012939453,-0.043231215327978134,0.03213874250650406,-0.011089440435171127,0.008585503324866295
1752,266.0,0.02158379554748535,-0.043231215327978134,0.03213874250650406,-0.011089440435171127,0.008585503324866295
1753,169.0,0.013325691223144531,-0.043231215327978134,0.03213874250650406,-0.011089440435171127,0.008585503324866295
1754,198.0,0.014902114868164062,-0.043231215327978134,0.03213874250650406,-0.011089440435171127,0.008585503324866295
1755,247.0,0.018822908401489258,-0.043231215327978134,0.03213874250650406,-0.011089440435171127,0.008585503324866295
1756,182.0,0.013316154479980469,-0.043231215327978134,0.03213874250650406,-0.011089440435171127,0.008585503324866295
1757,163.0,0.012115001678466797,-0.043231215327978134,0.03213874250650406,-0.011089440435171127,0.008585503324866295
1758,200.0,0.014554977416992188,-0.043231215327978134,0.03213874250650406,-0.011089440435171127,0.008585503324866295
1759,112.0,0.009055137634277344,-0.043231215327978134,0.03213874250650406,-0.011089440435171127,0.008585503324866295
1760,187.0,0.013795852661132812,-0.043231215327978134,0.03213874250650406,-0.011089440435171127,0.008585503324866295
1761,167.0,0.01242208480834961,-0.043231215327978134,0.03213874250650406,-0.011089440435171127,0.008585503324866295
1762,134.0,0.00952911376953125,-0.043231215327978134,0.03213874250650406,-0.011089440435171127,0.008585503324866295
1763,500.0,0.03775429725646973,-0.043231215327978134,0.03213874250650406,-0.011089440435171127,0.008585503324866295
1764,199.0,0.014821767807006836,-0.043231215327978134,0.03213874250650406,-0.011089440435171127,0.008585503324866295
1765,179.0,0.013266801834106445,-0.043231215327978134,0.03213874250650406,-0.011089440435171127,0.008585503324866295
1766,66.0,0.0049479007720947266,-0.043231215327978134,0.03213874250650406,-0.011089440435171127,0.008585503324866295
1767,170.0,0.012846946716308594,-0.043231215327978134,0.03213874250650406,-0.011089440435171127,0.008585503324866295
1768,151.0,0.011620044708251953,-0.043231215327978134,0.03213874250650406,-0.011089440435171127,0.008585503324866295
1769,67.0,0.004957914352416992,-0.043231215327978134,0.03213874250650406,-0.011089440435171127,0.008585503324866295
1770,232.0,0.016878128051757812,-0.043231215327978134,0.03213874250650406,-0.011089440435171127,0.008585503324866295
1771,106.0,0.008209943771362305,-0.043231215327978134,0.03213874250650406,-0.011089440435171127,0.008585503324866295
1772,124.0,0.009342193603515625,-0.043231215327978134,0.03213874250650406,-0.011089440435171127,0.008585503324866295
1773,127.0,0.009402751922607422,-0.043231215327978134,0.03213874250650406,-0.011089440435171127,0.008585503324866295
1774,427.0,0.03010416030883789,-0.043231215327978134,0.03213874250650406,-0.011089440435171127,0.008585503324866295
1775,186.0,0.013261079788208008,-0.043231215327978134,0.03213874250650406,-0.011089440435171127,0.008585503324866295
1776,371.0,0.02765488624572754,-0.043231215327978134,0.03213874250650406,-0.011089440435171127,0.008585503324866295
1777,500.0,0.0356900691986084,-0.043231215327978134,0.03213874250650406,-0.011089440435171127,0.008585503324866295
1778,37.0,0.0028748512268066406,-0.03116357885301113,-0.015724264085292816,0.03035917319357395,0.023050962015986443
1779,176.0,0.012163639068603516,-0.03116357885301113,-0.015724264085292816,0.03035917319357395,0.023050962015986443
1780,94.0,0.006607770919799805,-0.03116357885301113,-0.015724264085292816,0.03035917319357395,0.023050962015986443
1781,86.0,0.006561994552612305,-0.03116357885301113,-0.015724264085292816,0.03035917319357395,0.023050962015986443
1782,80.0,0.005968809127807617,-0.03116357885301113,-0.015724264085292816,0.03035917319357395,0.023050962015986443
1783,69.0,0.005060672760009766,-0.03116357885301113,-0.015724264085292816,0.03035917319357395,0.023050962015986443
1784,72.0,0.005702972412109375,-0.03116357885301113,-0.015724264085292816,0.03035917319357395,0.023050962015986443
1785,158.0,0.011404991149902344,-0.03116357885301113,-0.015724264085292816,0.03035917319357395,0.023050962015986443
1786,63.0,0.004484891891479492,-0.03116357885301113,-0.015724264085292816,0.03035917319357395,0.023050962015986443
1787,89.0,0.006640911102294922,-0.03116357885301113,-0.015724264085292816,0.03035917319357395,0.023050962015986443
1788,211.0,0.015747785568237305,-0.03116357885301113,-0.015724264085292816,0.03035917319357395,0.023050962015986443
1789,109.0,0.007838964462280273,-0.03116357885301113,-0.015724264085292816,0.03035917319357395,0.023050962015986443
1790,65.0,0.0049936771392822266,-0.03116357885301113,-0.015724264085292816,0.03035917319357395,0.023050962015986443
1791,35.0,0.002613067626953125,-0.03116357885301113,-0.015724264085292816,0.03035917319357395,0.023050962015986443
1792,61.0,0.004593849182128906,-0.03116357885301113,-0.015724264085292816,0.03035917319357395,0.023050962015986443
1793,75.0,0.005585908889770508,-0.03116357885301113,-0.015724264085292816,0.03035917319357395,0.023050962015986443
1794,102.0,0.007901906967163086,-0.03116357885301113,-0.015724264085292816,0.03035917319357395,0.023050962015986443
1795,101.0,0.007546901702880859,-0.03116357885301113,-0.015724264085292816,0.03035917319357395,0.023050962015986443
1796,141.0,0.010814905166625977,-0.03116357885301113,-0.015724264085292816,0.03035917319357395,0.023050962015986443
1797,86.0,0.00634312629699707,-0.03116357885301113,-0.015724264085292816,0.03035917319357395,0.023050962015986443
1798,130.0,0.009902715682983398,-0.03116357885301113,-0.015724264085292816,0.03035917319357395,0.023050962015986443
1799,115.0,0.008517980575561523,-0.03116357885301113,-0.015724264085292816,0.03035917319357395,0.023050962015986443
1800,50.0,0.0037822723388671875,-0.03116357885301113,-0.015724264085292816,0.03035917319357395,0.023050962015986443
1801,80.0,0.0059969425201416016,-0.03116357885301113,-0.015724264085292816,0.03035917319357395,0.023050962015986443
1802,111.0,0.008735895156860352,-0.03116357885301113,-0.015724264085292816,0.03035917319357395,0.023050962015986443
1803,75.0,0.005892276763916016,-0.03116357885301113,-0.015724264085292816,0.03035917319357395,0.023050962015986443
1804,156.0,0.012228012084960938,-0.03116357885301113,-0.015724264085292816,0.03035917319357395,0.023050962015986443
1805,18.0,0.0016472339630126953,-0.03116357885301113,-0.015724264085292816,0.03035917319357395,0.023050962015986443
1806,55.0,0.004373073577880859,-0.03116357885301113,-0.015724264085292816,0.03035917319357395,0.023050962015986443
1807,110.0,0.008808374404907227,-0.03116357885301113,-0.015724264085292816,0.03035917319357395,0.023050962015986443
1808,88.0,0.006711244583129883,-0.03116357885301113,-0.015724264085292816,0.03035917319357395,0.023050962015986443
1809,140.0,0.011075019836425781,-0.03116357885301113,-0.015724264085292816,0.03035917319357395,0.023050962015986443
1810,118.0,0.009671926498413086,-0.03116357885301113,-0.015724264085292816,0.03035917319357395,0.023050962015986443
1811,171.0,0.01442575454711914,-0.03116357885301113,-0.015724264085292816,0.03035917319357395,0.023050962015986443
1812,97.0,0.0078122615814208984,-0.03116357885301113,-0.015724264085292816,0.03035917319357395,0.023050962015986443
1813,109.0,0.008884906768798828,-0.03116357885301113,-0.015724264085292816,0.03035917319357395,0.023050962015986443
1814,94.0,0.008003711700439453,-0.03116357885301113,-0.015724264085292816,0.03035917319357395,0.023050962015986443
1815,80.0,0.0065500736236572266,-0.03116357885301113,-0.015724264085292816,0.03035917319357395,0.023050962015986443
1816,142.0,0.010995864868164062,-0.03116357885301113,-0.015724264085292816,0.03035917319357395,0.023050962015986443
1817,55.0,0.0042078495025634766,-0.03116357885301113,-0.015724264085292816,0.03035917319357395,0.023050962015986443
1818,33.0,0.0026628971099853516,-0.03116357885301113,-0.015724264085292816,0.03035917319357395,0.023050962015986443
1819,89.0,0.0070841312408447266,-0.03116357885301113,-0.015724264085292816,0.03035917319357395,0.023050962015986443
1820,132.0,0.009619951248168945,-0.03116357885301113,-0.015724264085292816,0.03035917319357395,0.023050962015986443
1821,213.0,0.014668941497802734,-0.03116357885301113,-0.015724264085292816,0.03035917319357395,0.023050962015986443
1822,119.0,0.00827789306640625,-0.03116357885301113,-0.015724264085292816,0.03035917319357395,0.023050962015986443
1823,123.0,0.008504152297973633,-0.03116357885301113,-0.015724264085292816,0.03035917319357395,0.023050962015986443
1824,92.0,0.0064737796783447266,-0.03116357885301113,-0.015724264085292816,0.03035917319357395,0.023050962015986443
1825,127.0,0.008774995803833008,-0.03116357885301113,-0.015724264085292816,0.03035917319357395,0.023050962015986443
1826,151.0,0.01175689697265625,-0.03116357885301113,-0.015724264085292816,0.03035917319357395,0.023050962015986443
1827,27.0,0.0021898746490478516,-0.03116357885301113,-0.015724264085292816,0.03035917319357395,0.023050962015986443
1828,103.0,0.007503986358642578,-0.03116357885301113,-0.015724264085292816,0.03035917319357395,0.023050962015986443
1829,21.0,0.001728057861328125,-0.03116357885301113,-0.015724264085292816,0.03035917319357395,0.023050962015986443
1830,119.0,0.008521795272827148,-0.03116357885301113,-0.015724264085292816,0.03035917319357395,0.023050962015986443
1831,134.0,0.009566068649291992,-0.03116357885301113,-0.015724264085292816,0.03035917319357395,0.023050962015986443
1832,273.0,0.019288063049316406,-0.03116357885301113,-0.015724264085292816,0.03035917319357395,0.023050962015986443
1833,273.0,0.020725011825561523,-0.03116357885301113,-0.015724264085292816,0.03035917319357395,0.023050962015986443
1834,187.0,0.014306068420410156,-0.03116357885301113,-0.015724264085292816,0.03035917319357395,0.023050962015986443
1835,113.0,0.00822305679321289,-0.03116357885301113,-0.015724264085292816,0.03035917319357395,0.023050962015986443
1836,189.0,0.013485908508300781,-0.03116357885301113,-0.015724264085292816,0.03035917319357395,0.023050962015986443
1837,127.0,0.009171247482299805,-0.03116357885301113,-0.015724264085292816,0.03035917319357395,0.023050962015986443
1838,481.0,0.03461623191833496,-0.03116357885301113,-0.015724264085292816,0.03035917319357395,0.023050962015986443
1839,133.0,0.009778022766113281,-0.03116357885301113,-0.015724264085292816,0.03035917319357395,0.023050962015986443
1840,32.0,0.0024650096893310547,-0.03116357885301113,-0.015724264085292816,0.03035917319357395,0.023050962015986443
1841,33.0,0.0029230117797851562,-0.03116357885301113,-0.015724264085292816,0.03035917319357395,0.023050962015986443
1842,127.0,0.009256839752197266,-0.03116357885301113,-0.015724264085292816,0.03035917319357395,0.023050962015986443
1843,303.0,0.022305965423583984,-0.03116357885301113,-0.015724264085292816,0.03035917319357395,0.023050962015986443
1844,113.0,0.009143829345703125,-0.03116357885301113,-0.015724264085292816,0.03035917319357395,0.023050962015986443
1845,131.0,0.014757871627807617,-0.03116357885301113,-0.015724264085292816,0.03035917319357395,0.023050962015986443
1846,208.0,0.02847599983215332,-0.03116357885301113,-0.015724264085292816,0.03035917319357395,0.023050962015986443
1847,113.0,0.011466026306152344,-0.03116357885301113,-0.015724264085292816,0.03035917319357395,0.023050962015986443
1848,44.0,0.00422978401184082,-0.03116357885301113,-0.015724264085292816,0.03035917319357395,0.023050962015986443
1849,143.0,0.011687994003295898,-0.03116357885301113,-0.015724264085292816,0.03035917319357395,0.023050962015986443
1850,126.0,0.013063907623291016,-0.03116357885301113,-0.015724264085292816,0.03035917319357395,0.023050962015986443
1851,135.0,0.010481119155883789,-0.03116357885301113,-0.015724264085292816,0.03035917319357395,0.023050962015986443
1852,112.0,0.007811069488525391,-0.03116357885301113,-0.015724264085292816,0.03035917319357395,0.023050962015986443
1853,31.0,0.0023040771484375,-0.03116357885301113,-0.015724264085292816,0.03035917319357395,0.023050962015986443
1854,250.0,0.017568111419677734,-0.03116357885301113,-0.015724264085292816,0.03035917319357395,0.023050962015986443
1855,242.0,0.017338037490844727,-0.03116357885301113,-0.015724264085292816,0.03035917319357395,0.023050962015986443
1856,183.0,0.012646913528442383,-0.03116357885301113,-0.015724264085292816,0.03035917319357395,0.023050962015986443
1857,272.0,0.019916057586669922,-0.03116357885301113,-0.015724264085292816,0.03035917319357395,0.023050962015986443
1858,21.0,0.0017309188842773438,-0.03116357885301113,-0.015724264085292816,0.03035917319357395,0.023050962015986443
1859,200.0,0.014242172241210938,-0.03116357885301113,-0.015724264085292816,0.03035917319357395,0.023050962015986443
1860,368.0,0.026875019073486328,-0.03116357885301113,-0.015724264085292816,0.03035917319357395,0.023050962015986443
1861,284.0,0.020418882369995117,-0.03116357885301113,-0.015724264085292816,0.03035917319357395,0.023050962015986443
1862,254.0,0.018419981002807617,-0.03116357885301113,-0.015724264085292816,0.03035917319357395,0.023050962015986443
1863,131.0,0.009936094284057617,-0.03116357885301113,-0.015724264085292816,0.03035917319357395,0.023050962015986443
1864,209.0,0.015264034271240234,-0.03116357885301113,-0.015724264085292816,0.03035917319357395,0.023050962015986443
1865,16.0,0.0013513565063476562,-0.03116357885301113,-0.015724264085292816,0.03035917319357395,0.023050962015986443
1866,118.0,0.008507013320922852,-0.03116357885301113,-0.015724264085292816,0.03035917319357395,0.023050962015986443
1867,121.0,0.008891105651855469,-0.03116357885301113,-0.015724264085292816,0.03035917319357395,0.023050962015986443
1868,160.0,0.011208057403564453,-0.03116357885301113,-0.015724264085292816,0.03035917319357395,0.023050962015986443
1869,97.0,0.006786823272705078,-0.03116357885301113,-0.015724264085292816,0.03035917319357395,0.023050962015986443
1870,284.0,0.020779132843017578,-0.03116357885301113,-0.015724264085292816,0.03035917319357395,0.023050962015986443
1871,275.0,0.019191980361938477,-0.03116357885301113,-0.015724264085292816,0.03035917319357395,0.023050962015986443
1872,213.0,0.01638197898864746,-0.03116357885301113,-0.015724264085292816,0.03035917319357395,0.023050962015986443
1873,49.0,0.003644227981567383,-0.03116357885301113,-0.015724264085292816,0.03035917319357395,0.023050962015986443
1874,31.0,0.002333402633666992,0.04089637100696564,-0.04313543438911438,-0.04715955629944801,-0.01179402507841587
1875,29.0,0.0021979808807373047,0.04089637100696564,-0.04313543438911438,-0.04715955629944801,-0.01179402507841587
1876,31.0,0.00232696533203125,0.04089637100696564,-0.04313543438911438,-0.04715955629944801,-0.01179402507841587
1877,30.0,0.0022208690643310547,0.04089637100696564,-0.04313543438911438,-0.04715955629944801,-0.01179402507841587
1878,66.0,0.004730701446533203,0.04089637100696564,-0.04313543438911438,-0.04715955629944801,-0.01179402507841587
1879,40.0,0.0032320022583007812,0.04089637100696564,-0.04313543438911438,-0.04715955629944801,-0.01179402507841587
1880,35.0,0.0028562545776367188,0.04089637100696564,-0.04313543438911438,-0.04715955629944801,-0.01179402507841587
1881,57.0,0.0041961669921875,0.04089637100696564,-0.04313543438911438,-0.04715955629944801,-0.01179402507841587
1882,133.0,0.009496927261352539,0.04089637100696564,-0.04313543438911438,-0.04715955629944801,-0.01179402507841587
1883,31.0,0.002368927001953125,0.04089637100696564,-0.04313543438911438,-0.04715955629944801,-0.01179402507841587
1884,40.0,0.002954244613647461,0.04089637100696564,-0.04313543438911438,-0.04715955629944801,-0.01179402507841587
1885,75.0,0.005414009094238281,0.04089637100696564,-0.04313543438911438,-0.04715955629944801,-0.01179402507841587
1886,49.0,0.0037980079650878906,0.04089637100696564,-0.04313543438911438,-0.04715955629944801,-0.01179402507841587
1887,60.0,0.004415988922119141,0.04089637100696564,-0.04313543438911438,-0.04715955629944801,-0.01179402507841587
1888,99.0,0.007608890533447266,0.04089637100696564,-0.04313543438911438,-0.04715955629944801,-0.01179402507841587
1889,33.0,0.0026960372924804688,0.04089637100696564,-0.04313543438911438,-0.04715955629944801,-0.01179402507841587
1890,72.0,0.005496025085449219,0.04089637100696564,-0.04313543438911438,-0.04715955629944801,-0.01179402507841587
1891,61.0,0.0046939849853515625,0.04089637100696564,-0.04313543438911438,-0.04715955629944801,-0.01179402507841587
1892,102.0,0.0077953338623046875,0.04089637100696564,-0.04313543438911438,-0.04715955629944801,-0.01179402507841587
1893,135.0,0.009240150451660156,0.04089637100696564,-0.04313543438911438,-0.04715955629944801,-0.01179402507841587
1894,120.0,0.008422136306762695,0.04089637100696564,-0.04313543438911438,-0.04715955629944801,-0.01179402507841587
1895,73.0,0.0052947998046875,0.04089637100696564,-0.04313543438911438,-0.04715955629944801,-0.01179402507841587
1896,141.0,0.009976863861083984,0.04089637100696564,-0.04313543438911438,-0.04715955629944801,-0.01179402507841587
1897,77.0,0.005908012390136719,0.04089637100696564,-0.04313543438911438,-0.04715955629944801,-0.01179402507841587
1898,105.0,0.007487058639526367,0.04089637100696564,-0.04313543438911438,-0.04715955629944801,-0.01179402507841587
1899,175.0,0.013148784637451172,0.04089637100696564,-0.04313543438911438,-0.04715955629944801,-0.01179402507841587
1900,108.0,0.008723974227905273,0.04089637100696564,-0.04313543438911438,-0.04715955629944801,-0.01179402507841587
1901,28.0,0.002566814422607422,0.04089637100696564,-0.04313543438911438,-0.04715955629944801,-0.01179402507841587
1902,16.0,0.0013229846954345703,0.04089637100696564,-0.04313543438911438,-0.04715955629944801,-0.01179402507841587
1903,121.0,0.008559942245483398,0.04089637100696564,-0.04313543438911438,-0.04715955629944801,-0.01179402507841587
1904,57.0,0.004573822021484375,0.04089637100696564,-0.04313543438911438,-0.04715955629944801,-0.01179402507841587
1905,137.0,0.009902000427246094,0.04089637100696564,-0.04313543438911438,-0.04715955629944801,-0.01179402507841587
1906,129.0,0.009741067886352539,0.04089637100696564,-0.04313543438911438,-0.04715955629944801,-0.01179402507841587
1907,179.0,0.012955904006958008,0.04089637100696564,-0.04313543438911438,-0.04715955629944801,-0.01179402507841587
1908,82.0,0.006263017654418945,0.04089637100696564,-0.04313543438911438,-0.04715955629944801,-0.01179402507841587
1909,34.0,0.0026009082794189453,0.04089637100696564,-0.04313543438911438,-0.04715955629944801,-0.01179402507841587
1910,137.0,0.010070085525512695,0.04089637100696564,-0.04313543438911438,-0.04715955629944801,-0.01179402507841587
1911,141.0,0.010444879531860352,0.04089637100696564,-0.04313543438911438,-0.04715955629944801,-0.01179402507841587
1912,45.0,0.0035440921783447266,0.04089637100696564,-0.04313543438911438,-0.04715955629944801,-0.01179402507841587
1913,142.0,0.010062694549560547,0.04089637100696564,-0.04313543438911438,-0.04715955629944801,-0.01179402507841587
1914,150.0,0.010860919952392578,0.04089637100696564,-0.04313543438911438,-0.04715955629944801,-0.01179402507841587
1915,34.0,0.0026099681854248047,0.04089637100696564,-0.04313543438911438,-0.04715955629944801,-0.01179402507841587
1916,28.0,0.0020720958709716797,0.04089637100696564,-0.04313543438911438,-0.04715955629944801,-0.01179402507841587
1917,102.0,0.007366180419921875,0.04089637100696564,-0.04313543438911438,-0.04715955629944801,-0.01179402507841587
1918,172.0,0.011906147003173828,0.04089637100696564,-0.04313543438911438,-0.04715955629944801,-0.01179402507841587
1919,28.0,0.002145051956176758,0.04089637100696564,-0.04313543438911438,-0.04715955629944801,-0.01179402507841587
1920,99.0,0.007261991500854492,0.04089637100696564,-0.04313543438911438,-0.04715955629944801,-0.01179402507841587
1921,117.0,0.008113861083984375,0.04089637100696564,-0.04313543438911438,-0.04715955629944801,-0.01179402507841587
1922,112.0,0.007762908935546875,0.04089637100696564,-0.04313543438911438,-0.04715955629944801,-0.01179402507841587
1923,45.0,0.0032410621643066406,0.04089637100696564,-0.04313543438911438,-0.04715955629944801,-0.01179402507841587
1924,124.0,0.008701801300048828,0.04089637100696564,-0.04313543438911438,-0.04715955629944801,-0.01179402507841587
1925,56.0,0.003991842269897461,0.04089637100696564,-0.04313543438911438,-0.04715955629944801,-0.01179402507841587
1926,398.0,0.02727985382080078,0.04089637100696564,-0.04313543438911438,-0.04715955629944801,-0.01179402507841587
1927,57.0,0.004507780075073242,0.04089637100696564,-0.04313543438911438,-0.04715955629944801,-0.01179402507841587
1928,45.0,0.0035271644592285156,0.04089637100696564,-0.04313543438911438,-0.04715955629944801,-0.01179402507841587
1929,34.0,0.002496957778930664,0.04089637100696564,-0.04313543438911438,-0.04715955629944801,-0.01179402507841587
1930,41.0,0.003470897674560547,0.04089637100696564,-0.04313543438911438,-0.04715955629944801,-0.01179402507841587
1931,444.0,0.03156709671020508,0.04089637100696564,-0.04313543438911438,-0.04715955629944801,-0.01179402507841587
1932,154.0,0.018268108367919922,0.04089637100696564,-0.04313543438911438,-0.04715955629944801,-0.01179402507841587
1933,111.0,0.008069992065429688,0.04089637100696564,-0.04313543438911438,-0.04715955629944801,-0.01179402507841587
1934,344.0,0.023543119430541992,0.04089637100696564,-0.04313543438911438,-0.04715955629944801,-0.01179402507841587
1935,101.0,0.007845163345336914,0.04089637100696564,-0.04313543438911438,-0.04715955629944801,-0.01179402507841587
1936,118.0,0.008533000946044922,0.04089637100696564,-0.04313543438911438,-0.04715955629944801,-0.01179402507841587
1937,66.0,0.004784822463989258,0.04089637100696564,-0.04313543438911438,-0.04715955629944801,-0.01179402507841587
1938,81.0,0.005676984786987305,0.04089637100696564,-0.04313543438911438,-0.04715955629944801,-0.01179402507841587
1939,190.0,0.013164758682250977,0.04089637100696564,-0.04313543438911438,-0.04715955629944801,-0.01179402507841587
1940,500.0,0.04958200454711914,0.04089637100696564,-0.04313543438911438,-0.04715955629944801,-0.01179402507841587
1941,500.0,0.05058789253234863,0.04089637100696564,-0.04313543438911438,-0.04715955629944801,-0.01179402507841587
1942,182.0,0.012677907943725586,0.04089637100696564,-0.04313543438911438,-0.04715955629944801,-0.01179402507841587
1943,264.0,0.01803874969482422,0.04089637100696564,-0.04313543438911438,-0.04715955629944801,-0.01179402507841587
1944,80.0,0.006043910980224609,0.04089637100696564,-0.04313543438911438,-0.04715955629944801,-0.01179402507841587
1945,217.0,0.015085935592651367,0.04089637100696564,-0.04313543438911438,-0.04715955629944801,-0.01179402507841587
1946,134.0,0.008947372436523438,0.04089637100696564,-0.04313543438911438,-0.04715955629944801,-0.01179402507841587
1947,119.0,0.008456945419311523,0.04089637100696564,-0.04313543438911438,-0.04715955629944801,-0.01179402507841587
1948,229.0,0.015593767166137695,0.04089637100696564,-0.04313543438911438,-0.04715955629944801,-0.01179402507841587
1949,179.0,0.012164831161499023,0.04089637100696564,-0.04313543438911438,-0.04715955629944801,-0.01179402507841587
1950,222.0,0.015393972396850586,0.04089637100696564,-0.04313543438911438,-0.04715955629944801,-0.01179402507841587
1951,188.0,0.01278376579284668,0.04089637100696564,-0.04313543438911438,-0.04715955629944801,-0.01179402507841587
1952,250.0,0.017565250396728516,0.04089637100696564,-0.04313543438911438,-0.04715955629944801,-0.01179402507841587
1953,154.0,0.010740995407104492,0.04089637100696564,-0.04313543438911438,-0.04715955629944801,-0.01179402507841587
1954,45.0,0.0031452178955078125,0.04089637100696564,-0.04313543438911438,-0.04715955629944801,-0.01179402507841587
1955,27.0,0.0019729137420654297,0.04089637100696564,-0.04313543438911438,-0.04715955629944801,-0.01179402507841587
1956,200.0,0.01469874382019043,0.04089637100696564,-0.04313543438911438,-0.04715955629944801,-0.01179402507841587
1957,115.0,0.008304834365844727,0.04089637100696564,-0.04313543438911438,-0.04715955629944801,-0.01179402507841587
1958,121.0,0.00861978530883789,0.04089637100696564,-0.04313543438911438,-0.04715955629944801,-0.01179402507841587
1959,97.0,0.0071370601654052734,0.04089637100696564,-0.04313543438911438,-0.04715955629944801,-0.01179402507841587
1960,31.0,0.002566814422607422,0.04089637100696564,-0.04313543438911438,-0.04715955629944801,-0.01179402507841587
1961,176.0,0.01206207275390625,0.04089637100696564,-0.04313543438911438,-0.04715955629944801,-0.01179402507841587
1962,155.0,0.011328935623168945,0.04089637100696564,-0.04313543438911438,-0.04715955629944801,-0.01179402507841587
1963,98.0,0.0068471431732177734,0.04089637100696564,-0.04313543438911438,-0.04715955629944801,-0.01179402507841587
1964,63.0,0.00480198860168457,0.04089637100696564,-0.04313543438911438,-0.04715955629944801,-0.01179402507841587
1965,132.0,0.009322881698608398,0.04089637100696564,-0.04313543438911438,-0.04715955629944801,-0.01179402507841587
1966,169.0,0.01166534423828125,0.04089637100696564,-0.04313543438911438,-0.04715955629944801,-0.01179402507841587
1967,128.0,0.009010076522827148,0.04089637100696564,-0.04313543438911438,-0.04715955629944801,-0.01179402507841587
1968,34.0,0.0024929046630859375,0.04089637100696564,-0.04313543438911438,-0.04715955629944801,-0.01179402507841587
1969,63.0,0.004471778869628906,0.04089637100696564,-0.04313543438911438,-0.04715955629944801,-0.01179402507841587
1970,146.0,0.010524988174438477,0.04089637100696564,-0.04313543438911438,-0.04715955629944801,-0.01179402507841587
1971,124.0,0.008311033248901367,0.04089637100696564,-0.04313543438911438,-0.04715955629944801,-0.01179402507841587
1972,35.0,0.0024361610412597656,0.04089637100696564,-0.04313543438911438,-0.04715955629944801,-0.01179402507841587
1973,203.0,0.01417684555053711,0.04089637100696564,-0.04313543438911438,-0.04715955629944801,-0.01179402507841587
1974,500.0,0.03315401077270508,0.04089637100696564,-0.04313543438911438,-0.04715955629944801,-0.01179402507841587
1975,68.0,0.004912137985229492,0.04089637100696564,-0.04313543438911438,-0.04715955629944801,-0.01179402507841587
1976,131.0,0.009325027465820312,0.04089637100696564,-0.04313543438911438,-0.04715955629944801,-0.01179402507841587
1977,179.0,0.01285696029663086,0.04089637100696564,-0.04313543438911438,-0.04715955629944801,-0.01179402507841587
1978,90.0,0.006151914596557617,0.04089637100696564,-0.04313543438911438,-0.04715955629944801,-0.01179402507841587
1979,83.0,0.0056247711181640625,0.04089637100696564,-0.04313543438911438,-0.04715955629944801,-0.01179402507841587
1980,224.0,0.015196800231933594,0.04089637100696564,-0.04313543438911438,-0.04715955629944801,-0.01179402507841587
1981,173.0,0.012261152267456055,0.04089637100696564,-0.04313543438911438,-0.04715955629944801,-0.01179402507841587
1982,135.0,0.010010957717895508,0.04089637100696564,-0.04313543438911438,-0.04715955629944801,-0.01179402507841587
1983,377.0,0.02613687515258789,0.005666431970894337,-0.01043394673615694,0.007800232153385878,-0.040720384567976
1984,135.0,0.00919198989868164,0.005666431970894337,-0.01043394673615694,0.007800232153385878,-0.040720384567976
1985,75.0,0.00508880615234375,0.005666431970894337,-0.01043394673615694,0.007800232153385878,-0.040720384567976
1986,180.0,0.012649297714233398,0.005666431970894337,-0.01043394673615694,0.007800232153385878,-0.040720384567976
1987,273.0,0.018934965133666992,0.005666431970894337,-0.01043394673615694,0.007800232153385878,-0.040720384567976
1988,163.0,0.011471033096313477,0.005666431970894337,-0.01043394673615694,0.007800232153385878,-0.040720384567976
1989,244.0,0.01712203025817871,0.005666431970894337,-0.01043394673615694,0.007800232153385878,-0.040720384567976
1990,423.0,0.029079914093017578,0.005666431970894337,-0.01043394673615694,0.007800232153385878,-0.040720384567976
1991,253.0,0.017676115036010742,0.005666431970894337,-0.01043394673615694,0.007800232153385878,-0.040720384567976
1992,196.0,0.013510942459106445,0.005666431970894337,-0.01043394673615694,0.007800232153385878,-0.040720384567976
1993,179.0,0.015726804733276367,0.005666431970894337,-0.01043394673615694,0.007800232153385878,-0.040720384567976
1994,174.0,0.022363901138305664,0.005666431970894337,-0.01043394673615694,0.007800232153385878,-0.040720384567976
1995,116.0,0.01244974136352539,0.005666431970894337,-0.01043394673615694,0.007800232153385878,-0.040720384567976
1996,165.0,0.012748003005981445,0.005666431970894337,-0.01043394673615694,0.007800232153385878,-0.040720384567976
1997,126.0,0.010241031646728516,0.005666431970894337,-0.01043394673615694,0.007800232153385878,-0.040720384567976
1998,55.0,0.003988981246948242,0.005666431970894337,-0.01043394673615694,0.007800232153385878,-0.040720384567976
1999,41.0,0.0028481483459472656,0.005666431970894337,-0.01043394673615694,0.007800232153385878,-0.040720384567976
